96518066
52227632
53685883
39799090
27338716
95033259
20035997
540989
35266161
65601293
15665813
78810857
56403657
67339678
6942417
31360645
70005481
92615873
53679439
10626461
62773105
29830182
93802228
64879724
48966875
80259280
73760772
32920538
39642279
37497500
84397487
9184995
35736778
96018677
94341405
1076307
71061089
93837192
82057892
70349989
19877251
46417921
17082311
39157964
51805567
37416626
38444377
70500473
12764347
41433929
77566789
4809535
51442968
22126031
18764009
72796179
12791983
57488503
58954475
63653396
58669217
38570105
70842325
15072745
41870268
2121413
26741773
19998015
13187389
83299801
6349638
53905437
55884325
41133340
48708512
91361793
98921290
51340827
95159507
37341987
41093344
85407873
12718876
68652389
91375668
37223834
54788677
37831855
59020870
55559612
42890425
63665122
97314430
81513972
13448209
49792289
4783736
12193371
95399594
97990974
35465462
14499934
78530786
24855187
79644411
12314476
56389775
28993787
38585800
4474369
93760903
91239188
74301273
38709287
92785415
68156222
37292815
16036390
31215332
59583935
73860654
76870130
11251953
23118631
12205412
4445274
81301010
43506907
77917247
91311457
74668466
27206962
72609664
21933395
56407334
25327283
24310336
87077794
81591495
92512292
82008476
92280382
72248212
87980825
78702202
58548863
86636038
54294844
72803839
71255738
76676626
39472283
71751887
40915447
85242444
39801009
43765189
98938015
23398845
82052609
27765664
86030282
79870316
93664428
78243399
10599142
73824518
83973703
7433870
22185162
41621604
25182891
77757851
83135689
74028358
12592166
40513777
1453850
11129716
19853800
73950699
91169835
45280412
4647536
24457757
49373900
81477320
34252437
530443
15795968
96917118
16505695
38887930
22887827
99741059
75935963
16759315
85467176
88631099
37353617
53658518
85270768
77920773
61252523
57566582
72814881
32349140
74554474
94343497
12514
31943615
84112543
1496089
11274120
90028192
73075459
3843705
55688620
82815287
20093552
94348794
26795462
24319301
54035992
3150790
82220770
41686435
20719521
96939936
43970761
82802711
21702532
52405519
29408243
68220588
7681075
38114078
28817010
70039275
53052865
15796730
93176725
17938709
53939169
15783198
2892053
14990854
83448562
64731439
68455390
32439065
7707045
60331569
67509504
8552024
17410606
45634575
34054797
95641503
47763508
22099562
77043318
97176646
86872469
81777779
62667336
88751851
59882947
90633199
34073509
77290396
2969815
88431748
9206298
3099239
6090063
46244825
13973778
62740883
75383049
51993479
6303369
24513420
3128398
34999037
91616643
94429268
25834031
69443264
53189096
33958
3407447
66713695
4079589
48154193
31468201
2257679
71589300
63945360
36181734
93874795
33079635
6725532
48474788
31241377
40702341
54285599
15289925
66390691
65729770
55247078
86371837
89938579
22915660
46039494
5912878
97084074
86200415
55497358
36295355
2071510
84902275
43367092
76456999
21853480
30398247
82345051
1799384
11342870
2901605
24044994
57428594
9551945
73524241
78537208
4256023
66525783
28864486
5550305
33644311
314633
60298872
95910604
16095185
27627432
79835472
188911
75644218
2249960
58355031
5512634
78386942
94525632
75757159
83288466
39841723
89500401
30501195
27108827
56702935
22540983
32786370
751392
47821810
47893458
67294923
9812342
43102999
9538450
11370450
40076863
34276196
49826776
6948385
20008421
91926746
74503323
45447537
21174238
58148440
54302808
92037259
90196905
65025862
78290592
49030488
12501484
82458566
34710378
61518206
1509257
40089229
25723698
72386822
78427138
46786944
32793717
4673586
50106117
30166615
85407834
80236417
19437
5214827
78631469
96908914
64996359
40565044
77375210
27604546
67802331
77217132
61477246
71169020
71912044
38114938
15471218
73993317
77003943
35939748
63307879
18755799
66504622
5400046
34741397
69264842
39140490
26788289
14915150
62254379
3324910
36049982
84364770
65000101
1344288
98039752
79687803
13309809
93429690
80617383
23242864
46318659
53891231
28392390
62818463
93579827
18337419
74435369
64360342
91642410
36008447
13701124
86224652
7261707
88049650
15853187
37948100
2186455
42108294
24506821
86352604
63883208
83209505
19502218
82257864
24900476
43704424
92243651
8815499
2271298
45763692
22343763
15423983
61752255
46161216
20835720
58617291
66024564
4356033
53871622
42151788
52030863
79916033
73105878
31944895
26754592
76436645
89974281
83543122
40756624
74250240
6044783
92058477
98522540
72312206
1036865
46785852
29906056
48875779
19584182
57075050
92262450
1446665
79016898
42366882
7171895
52995896
48880475
11614119
49175880
14561115
86845128
98935898
89689926
12224244
25819158
77461521
13280039
50590929
19674496
70448009
55752245
5461286
24524592
48548428
65977559
89747614
20012436
70903117
22931812
62931957
33872605
91728106
88319491
48307422
17811056
78118882
31053630
56011204
37803252
73646380
20097606
49849670
65582453
8650006
16619508
93846277
77129591
90508135
10139338
82783789
7819173
58326632
30012174
14117432
71519926
45236498
93713725
35685797
62878038
89011511
15019827
88826173
41371486
28503297
19328176
36121685
92329234
76089535
91194481
73671778
51275336
15611267
24839721
66274148
31797786
29844975
7442548
76676606
11450108
12110137
89982936
82521506
57903704
57156500
89228475
25648744
97202336
54031859
6407168
97839359
10724221
10425033
68296217
26786793
1836344
50215244
94601512
64313883
61553069
30550608
20729227
97294325
12560033
28478027
13393671
42123706
92231017
59102725
38053094
55777012
62758372
54422007
39195908
84900638
74667027
91666286
57346875
76885561
24487119
33535920
27388566
73254743
42295128
93178649
80091246
13152620
48453591
95923134
27158792
21705377
78079130
50200271
92489874
85905025
38285360
55740255
21893156
90092917
65171077
2415973
42778595
75606024
34870989
48369763
96039889
44516118
97053434
78929521
14775889
26749914
40590015
21527250
51261860
11881113
86053704
72748441
10626115
3089950
99845765
30851733
15403578
33891953
69136635
64288024
17249837
2248538
86918250
12991606
23701022
16357843
68479164
11401087
83663858
65217598
44042176
69591984
14960290
99943278
72553039
46739409
23279592
35794347
77389792
29061813
28892569
17747417
63032454
69075347
94464726
41986469
69284114
17458163
65819428
94888914
23577439
38506587
30896945
9434249
56824802
8802494
46043945
78091417
58141782
58635701
776373
95210188
263620
71999498
2402268
20962363
60680360
7281553
86046582
94181488
41698460
46637169
68735528
68696928
90828391
12908081
35719266
7339287
43694752
48743610
61650212
21196322
46150005
56322629
41251731
29660665
71358671
94118987
60700551
50423529
16882400
43491446
96878626
3317452
52645415
78554905
6677788
25650518
789706
52203958
25720685
12172939
16773307
6139841
62268841
67081057
76030009
60090864
58394479
46756610
53635360
57358292
18788804
23783797
38136118
57366423
1991705
92241445
63632033
5911305
83408210
24517842
42689316
25948220
38454676
9904901
12905843
3072930
60358093
97169483
17233927
59828642
33927526
55301683
21102440
30195340
29912728
6185281
44437940
67856873
71913681
76622396
38389091
9578896
58162649
64606581
81239677
84054360
95255621
83748932
14543524
27628599
92261906
45883596
46757143
40318631
37413181
8968486
53549550
26577886
8202609
7137224
39428320
27461328
24926204
45999533
88614619
76788854
64747565
55015087
84249493
59045308
85925324
81550435
7613106
1007241
53870478
34338119
87764556
65111298
17235494
53340810
39758877
42662949
60652474
19580852
28339218
98115166
58903112
73860971
33962050
55587383
43296258
88501758
89708210
31506531
68652554
84667557
67118620
38963215
12054015
97205870
10138204
56774782
42477834
38639804
64364924
72959437
61652014
30070055
3669343
45024594
17000461
7863694
33049216
95835190
12297098
876356
87910957
33455030
70211034
19979405
24853179
24282743
86333018
17638130
63278310
62512330
58744207
60370798
12492055
91829106
82297944
26113438
89975427
16670747
95989507
62011514
20648588
1906279
18281596
33539315
65224444
59807140
14288225
52714394
62966713
53526787
62491813
82625760
57407019
183080
73590747
95274143
6792569
82331724
18272762
3466724
49660664
18385701
80125345
35146242
86705686
715661
37500768
3263941
79407411
31651878
64970806
39498551
71334426
75197666
95025412
95489202
88111129
37818790
89057114
85313603
19676126
60049282
1601960
73211547
97811649
2682024
5485949
86166395
6900954
54881936
78002422
85606416
66874669
12067019
82279099
42047362
23270954
11619700
90534650
86580102
54642038
21908822
65822320
58769756
21865691
89239753
44011441
87509619
96719162
36039651
88684700
58717699
80029759
90232233
99215359
15848089
99517322
22869164
62098861
902859
45775249
92200838
48990084
52729729
81273810
99248830
60414010
20831785
72909868
14983675
67736578
67888700
96650626
41022538
51434194
77139227
4316708
53129035
57447356
83468096
35784807
13811566
52559093
16941237
53814337
23036012
61628708
50957237
89652425
33474644
55217140
47394365
11617835
29867372
86618809
65603222
39855123
66513043
41399942
42399948
78687899
8056471
4271419
39044086
40170663
73412161
64851566
46224448
55910001
17376602
95504635
96320745
82905248
55517966
25907792
92232399
91287615
47870387
57364214
88139552
45185718
87223547
30770273
36095301
29022518
41898719
35020557
58391993
82071766
66956210
58262659
12985298
75664880
47129297
95032184
3797616
56898146
85745751
2980706
12959837
40951962
84192463
51243082
42389838
55460638
91921895
24197302
98780071
81168660
73141040
17910496
30869994
24945814
82538163
24157759
92220319
20593488
12034509
71304227
15062709
4036758
51928033
87463823
15504044
55653476
20160396
40852396
10412173
76447980
72145789
69601798
33502310
70389015
47378158
78841031
68319909
47753998
17075429
36239333
30536524
99876296
7600614
78736274
26633210
98288244
41255476
61957592
60966361
48692841
8469726
9420432
58463394
66706403
85459020
19836679
13927515
23466660
73747415
44861660
87007056
21635797
97924627
63975525
52528417
24422856
43821207
37197398
9787409
84999931
86479067
32131543
8957506
84576723
71658815
67937888
82299253
6329854
36951729
78008716
48374200
88450093
93537042
53964964
89896605
88474556
41155445
88986205
71946415
65657903
49072082
83407260
91869208
63100166
75499536
32127318
73459718
70416811
35495893
97617835
56953250
73505888
57309998
29956549
20554272
89155528
31612073
84588217
66877041
88153580
84488288
36686201
417577
51079170
6301904
56948611
20696855
98201517
59882855
68466589
64992337
74477093
18804569
78252110
45855220
72527284
23403071
60139774
81960718
99706338
62285045
92835712
21741715
19136340
55226184
5362870
98948911
1667654
18613245
12217745
19326685
52875129
85063425
56182142
39169136
92622094
91555834
86131671
90369368
25878256
23648830
55084780
7401207
2800277
96570775
33912536
85044264
65712274
82325352
24322935
29817208
5518946
8028681
2608540
67193046
75739741
67729838
84494229
55468145
77782061
18918843
88588240
41216420
22769091
99122499
11799115
91568062
97207479
25126055
5830027
51830987
56715164
99620273
63900544
64611055
18937679
12303192
94559176
67589751
74818303
30527472
51558641
96481522
51409110
21385539
65819489
23545955
28025551
3748710
85035316
24992244
10588147
68279341
88161050
3453026
49508893
79856403
65965518
95924829
7433954
15242742
22945123
92444022
10913524
15067457
34511760
77897574
38163645
55218500
17739491
41786029
27038902
73618409
38585756
72163803
99599921
45062294
56754347
67509485
35410674
83258895
80007840
50923779
30399113
42838559
34787677
3878318
34721069
39597227
55652841
62818349
52804868
39932168
38852010
43962317
30607953
23539134
90089499
26544558
77841845
27266564
7276288
83234466
11189727
91427469
60771611
30671295
61989985
47233501
31039201
27032092
78034319
95484905
94467533
78919543
53400712
60542175
99274260
18069394
57806622
34079097
39454613
22122427
70533168
62401631
62624058
66897806
10695650
69448352
89498035
71575462
67330203
72565015
97704384
42902884
54612494
3909061
49339710
23768014
24208142
45035129
6178705
8095355
66982915
87461144
20074234
24198297
66567270
460177
67560214
93683032
82846357
95124046
82295638
47909474
68257053
24578763
79951501
66714996
88169014
25698312
16150033
99934577
22943320
89434319
8306788
72175303
40486549
50605925
42531125
48906292
4339588
94564515
91199062
76794571
8769899
9711938
46408835
41641834
44307124
54367431
42369393
60986410
90268819
20160217
50038821
10790229
76557759
85149878
91816523
69048689
2115150
15273889
63944033
98604443
77285667
58413810
21605167
73178584
36344302
99574480
44428221
75399529
47203531
74774579
90294220
45769503
76746038
43112516
99761467
91721378
13808146
52500389
88326788
26577714
81459913
65926927
77720127
3346150
44778458
37736729
5411992
9707992
12988010
17536983
89699550
35250326
98126595
72951373
93744068
81721887
4681984
81051820
34917665
11966403
20018227
24799992
74877641
77261622
47014280
93220688
5316164
8069096
98034374
58055487
55281092
78449666
10760099
54859111
59464730
17850474
86636814
20789655
66617338
47246118
81642658
52226856
885317
75487033
52468217
82890306
68959549
98398329
82044763
85958126
54913347
40037004
28768946
37454543
44795862
92061142
72451374
54913104
23675084
65676946
18183656
21847763
17175272
53201625
12105138
82024602
92880991
36540635
92272636
99666693
571930
67423781
54196061
98313018
49506344
31248863
917811
88671875
91117455
65059085
64502730
32935652
20486231
5098282
92967546
34858850
42458795
89418384
33885008
81655658
50415692
68085246
42496863
38940334
4863951
66387499
96641624
83837275
96537971
83277889
51013791
74207856
92469951
79616877
49981187
31650554
23562588
11113267
60637268
46943121
32500271
79866554
20816637
47727821
25052789
61865806
94720271
66656452
28145978
4291643
63299207
6601427
38976759
25438372
70183260
24549132
59530440
55710074
21222784
20538612
44002547
16205042
56399792
78443120
13018680
20753616
41715400
8863053
45204565
20710878
85318073
99449794
85052652
91133399
22728062
7831676
36108201
93969052
3227877
70469469
4864552
6014112
56553523
27931523
36871901
35895283
87511757
93176244
95921800
72556750
91086949
55986425
97037803
947615
4986688
48353287
65289518
5245088
9513563
81672717
81169946
90032567
94820136
64435043
90317469
98286500
14352824
29898875
13172666
73758899
45148776
27508478
38832890
54621888
45714976
18020581
2407442
95814116
60209783
46463129
70338296
46709926
8985944
95194969
97491643
87156849
3374725
50731760
80270937
44998520
60769281
58794825
46976380
73666421
52283357
15328799
99432329
71036281
62029749
6221281
22091257
10650189
48145057
94777610
9332049
28267531
95914663
33590255
33494892
89645561
51854740
41693201
25397283
31869554
13116007
18718374
15795211
42197700
70916195
36897595
24721059
42133269
67907402
63026964
82144998
89321973
72615307
59363591
65161291
50289517
49835273
68847912
30693750
47794764
35994401
22546981
1654049
23963809
14818018
38816088
34206393
38791451
40951423
85727240
47775553
93324634
31520196
35682414
42381022
15344862
77670501
82510633
1770536
50278857
41233436
17918730
91567210
33291864
76125428
93286947
33876076
3963489
6688613
39508511
54916934
85497223
71215423
13200765
19396744
14092908
53320579
22504949
74782664
5526973
39865183
99677284
82667156
31521417
11189556
45193605
58078396
25974795
73640319
8307134
36555269
18525267
18394916
73066268
62668616
39329545
42353754
20899246
29750288
50166407
36726231
16861987
49735606
16271186
918288
76487617
16538246
9648387
49230293
32724103
53507236
62836692
74409344
42178251
58615820
21883515
50360401
40689102
28870844
45315842
80262180
97018039
3493739
95497366
55333666
27834011
14616996
71549800
67953281
47105954
96635724
73174799
98251364
71873269
81601726
80982319
91149522
21831598
65930364
45854704
52486000
63455354
25614179
69608796
4877606
15633964
23676894
86943108
84762537
55111611
86053622
88913928
14966732
71263299
48432367
96519896
15893635
58601658
9750781
23442457
80060297
24093074
63673066
38273512
82408300
24523762
35625424
71659509
98042392
28691271
53687260
95077011
23565168
25034788
7706058
55833611
20698538
21928937
21217020
77595643
25355068
12940693
46781401
31192961
13698505
74294988
72012608
25866925
99434595
55351238
22535137
78974975
40064965
2261126
93688784
5596384
261716
87917109
64631065
94743119
81766127
38723575
13706989
34499329
60253362
4337749
32151806
68775614
79540607
86951712
67365017
61495280
24945126
39434186
84159318
30807341
84614075
39704503
27993437
62567967
44163847
83998628
6851527
46138969
33635647
53461352
79055876
56213071
19955282
37717830
18484974
92706121
89748724
42438060
60443587
9183738
98618108
31144388
15360910
48636906
83883041
76308372
78005030
29867481
93820585
15385705
44511863
59432418
33916574
88677597
9379107
56910061
53537487
9115332
52987674
55397444
63980007
81785189
76139171
28806618
44524716
83404979
16994594
84717653
14252974
41277445
14033601
74930062
11808636
54947894
65361269
23192750
94624934
8404394
49291940
45695572
99572741
4859210
43287866
8292949
1155100
87176548
25638825
65826943
57850999
5071655
87144266
10333116
44458499
55593544
63913532
94402348
37636415
57144060
87209685
31458742
75917801
66188677
87564603
62491035
16766348
70233605
98044383
23941921
26131019
70285873
40711801
84218994
28577981
39173878
47605135
7993765
20311453
22237225
25116075
6449103
42574102
21076203
98684460
20105346
86539755
32973557
9241223
27646237
19332856
83239510
9440187
82167971
61101220
76810215
69387928
46466200
85378698
95357443
26279929
31825504
87090454
35282027
21915453
57237790
74669844
70653853
21636783
97432555
83322085
12379746
74489238
83331175
84425598
7444576
58428833
99826783
66347859
49345686
85485259
87542718
13650928
35506122
84520607
63738628
91795295
82392234
7141739
64416968
17214529
66164420
84548931
66820016
77852075
79697884
52697313
53951562
69413207
52962654
71046287
40017473
3401447
16824646
98771001
74626321
57417115
87405536
26927315
73283790
92072245
37523164
29268930
14251113
96968366
84528064
76180988
40661107
71254367
59999877
28383628
99204330
59249595
73703362
12929317
62983822
16839932
8976764
61905833
1690221
67418854
20691785
2671425
8168056
67130242
83142702
68917318
23703638
10590835
15287580
64852546
97921336
74096529
11863606
15597068
86046183
99812113
59524123
57986658
72799237
27271727
2831104
99449412
99515237
84667544
25280978
64490116
84416515
57520443
16184680
4843775
69081781
55054813
12715792
5038163
35825712
72136319
84537171
8028302
90929355
27626408
15398042
27057193
24821117
80989481
34357383
981576
59791309
23565974
98182672
64838761
27050090
11892736
40727208
32237545
35377079
72828912
17926466
91227145
3929345
40913517
39116863
36650839
96245581
87757602
42300623
27961917
68390652
87080508
36128695
10016291
90113506
51090350
34170407
20254528
39386456
79537583
49019441
56142093
11527848
94302368
77272271
83421642
68673603
46843930
86253361
25164891
25169946
61693958
32001028
28075729
92857773
61056316
97643445
61632556
5566587
47851886
95294928
27031105
61210738
9934158
42908704
50745810
29157055
26986072
33151444
34134244
31499346
36202382
36106921
51297786
86981538
60667226
99222021
46109408
66003527
44208220
68676159
83937600
61595704
94862915
93101262
97409593
70782796
45308029
33938140
68278525
22526879
87607395
32180966
21060852
24038325
33550114
60206630
41182620
46658425
79782986
88412104
43919517
57205558
76785268
80070524
45008064
9350684
36375674
42461672
80230858
93459552
90394539
22654663
58836560
40420878
87448223
14754625
60882234
53725847
31741482
14452519
49010638
43051725
53712708
79524634
75346418
48657879
75266394
63461778
41020868
3482931
34818437
76856608
12743009
83807022
71092654
39706744
72690794
26298928
19977858
64696117
53162661
68535968
73119887
68713212
91736711
88057226
15497705
32344086
40558450
13847137
24587264
81397062
11206869
31621630
14234205
96326045
86454052
42612276
46356131
53127169
19388090
8069534
23936563
16719645
27697047
94453356
58637375
42037141
335228
76981475
49359343
75034172
92847188
92671085
84257821
69378745
68356650
5099393
34053975
45391004
65043457
73898014
96553524
57358497
45805612
67916805
2727389
2193411
1694155
68043220
3383700
18647273
91399981
90487850
3633448
92103499
63885208
48749139
27868889
99608133
59872258
7731450
60387641
55227701
6865922
40521756
86176873
76381410
17847900
41496148
6628883
28750820
6919369
38965966
51537160
48376952
3029692
76355065
24494998
11679807
57846203
64871738
80433910
43822979
14278734
22960196
84887380
62674713
87009654
30810008
55227388
98805089
89910610
77647425
20678574
8366598
39706651
18192449
85669691
68877627
38276362
41968809
14839432
58501625
44359794
99779603
16345705
36146443
93859258
96982301
92137862
99618337
34847136
50371728
59214293
20961823
15570647
59629839
29777336
69140015
97481432
35246124
80793420
79016264
22883209
24413487
80844385
5906548
38591357
53893260
12603584
38849268
65807060
24707813
33052554
72665014
48140878
54357421
67748628
73326490
1414619
50888594
93532657
67572729
29009989
68367195
65276552
97866663
53143446
71000315
45979222
69534878
53037831
44945021
8845756
121303
52729322
59911961
28337533
8518322
31526480
15634047
78239650
18752488
44609265
15806900
61325324
14644514
185453
74355515
55978216
5710506
67926939
36156306
91657303
36345229
38924660
53371096
64803640
87403679
14298209
46969131
93698438
54164439
58271220
19937144
14811780
36082742
43713648
47224041
57255731
56097765
20343625
37650687
99992621
31484837
74689173
95270861
35891442
74979459
27866466
45055380
10503345
68704256
97423763
43450424
259211
6016007
27846525
44969279
52014284
30291162
98529611
76000282
33515728
89411368
90755310
98680228
96940226
7838854
59572101
64895162
24855535
63725428
98394375
29937073
49246531
62954181
82240285
72946075
70203782
10439551
51862432
20497910
20746571
40309485
58385703
34112464
13278401
55272974
12115202
47112107
56549557
49854878
51767295
62207703
56220611
66691277
51972653
18757886
62422139
95707060
25505548
96487932
51459137
51693845
17368817
71701755
56127590
87498675
88840118
34565460
48510305
659931
18827324
35910296
98873562
40188851
13242604
48761907
95215112
23358049
14010788
62791159
73330283
23568209
90718514
34304548
87551483
6442007
68543599
68891752
52213542
38679927
14153401
14938765
65405632
67284922
61334338
39907697
69944241
6176259
50220395
81941438
12073810
93053303
51870441
26221698
77694413
64134429
18093713
59570828
90876389
38720279
46611550
77495064
80684710
83617530
34517797
32217681
65182682
5232326
8186583
27071788
10564807
63174178
74384753
8706400
36090771
18240114
79499622
46917983
49228643
72358597
15534966
24964362
73395057
55557295
60483365
77340350
20063465
45286385
63887251
21137966
30427665
32773076
24128752
12714450
22127081
59511148
27549396
73594575
28306664
4354043
49513739
99404063
84873399
86434047
79212206
54050155
72005125
67360491
32151697
6183868
6318780
553910
84043935
95949142
73726278
77487233
8002831
24179014
97508408
44293151
34582017
93839801
55187350
57971773
59303491
2115184
38766013
40302363
31003300
57141987
85470688
12666885
98661518
40899648
29898094
75557394
64406764
91715767
41936354
18365995
38269179
13912748
55719049
52458063
76743447
9333713
16438726
35177692
13166265
52560987
11875408
67326918
47836505
18318559
54883504
39498687
94622534
37711916
91097815
93429152
50079851
16461847
72429190
39823534
43051548
85004192
51771047
76225326
58964192
23230292
94859542
35771722
47894087
25728571
82116102
47638359
60008490
6737902
77115363
50461333
57177307
45515480
70339039
24995051
54140895
49464616
7193275
66680859
79923067
91096817
52700524
46037280
18900446
18157818
9828956
44847948
47822068
77191906
57223058
22107060
81986713
13547421
77376792
33983872
6004008
61055364
30439398
69399568
38551127
74858798
49420460
32459708
35098643
95036481
39021512
7264094
92264373
36201853
39531202
83554202
72382773
21223006
61699731
81134103
75256233
56787831
69513189
61179933
50635256
79307768
69809065
7093939
58296176
4363780
95713775
85762997
78247843
25343830
67010557
71108395
85276078
22489808
20438559
37205189
62798810
65487937
95049991
5498677
18653240
63842317
30632266
40820540
33692930
98155821
289466
46378001
46259982
68038820
29513916
84151508
30613407
31762555
17407666
86666623
72390006
92896962
95006728
88753975
22876040
99774288
81638150
68539556
83116133
25942980
85360546
15934360
41499920
89371764
4095229
34699651
77353577
11147224
35507998
60385824
17324347
55345161
68979042
80964149
47604266
18970897
35828833
66967294
6674609
87137154
21735703
25626086
72767506
10287295
85171788
43292150
14865004
64944468
43667094
54899919
25135368
95727197
97046189
57651373
70109707
89278046
99293867
14025736
39928864
98449895
81492367
10372119
85371390
56527122
28538614
58715371
31446905
87489062
89005389
27592190
33720220
23126532
37279792
85651044
8154207
94056698
65837696
40587670
87921241
89625538
18909017
26673374
51209753
59315018
99716354
44752757
77032742
41011755
68756108
79000823
95545157
4604208
18583131
74074106
72508389
81734303
9347392
49014628
76289526
5658156
40485833
93004241
45199149
33377505
21990264
83405826
77964340
34461450
44330881
26714045
45053704
75981715
34936175
86459549
75919314
20859499
20246272
4070523
79573766
48230930
36375425
47869153
49779738
1256929
84933573
84417881
29419321
71644720
40758574
15808414
45048370
17696746
53291034
68617386
873975
73139373
78458647
25082595
73625954
75736308
48360401
88941962
9270759
92761930
58799332
4863038
6567418
40005753
48214153
71228716
26207684
16544964
32352846
97137742
51935064
40214730
57484288
54974163
68186757
19939045
1806948
90739730
51250596
49150302
15840217
61508577
748795
98120140
60074196
92296166
45337090
16420534
66342506
28943119
10616914
33674727
82199474
7305598
20105928
22785194
82209236
14542208
8647888
91591293
352154
50817175
21547554
68255790
48071369
61331560
47413097
3860937
48021379
24419764
56829805
27734019
80135410
86193343
78913550
44103196
88991051
50198472
12752099
2921315
50409176
84288128
57861609
83505585
30123236
59515374
58917364
15739300
63482961
70809334
44352731
83673368
84381679
66093076
59874927
78396412
58839552
89578947
80374112
23097301
73533509
10990366
96813519
59244947
45515743
95523408
16080510
87836938
15380242
19205172
1329262
93060301
22093069
58551692
87464920
20922343
13913161
48759750
40719802
9692739
3589936
40196788
83274512
68929204
79245374
33551886
28981921
83854191
82736003
5311628
95248716
50851864
39642502
47812896
16093440
77936194
12832451
7725664
33053776
92704743
64331258
4348774
84967040
67113186
83961572
50411420
31418900
55488587
27755005
13087978
99911583
35072691
17837229
93133198
818785
76688524
81470323
74217671
74587538
83558514
33238061
77218401
33335759
66467522
48235740
34367068
72717720
31192883
35545410
52441604
41542835
70560536
5840000
59222824
35836404
36385120
84721588
43788279
12609689
72826560
97976165
66256360
96204659
96537146
11228369
60360276
75517968
40020054
10917219
34988006
83898486
31024390
53153280
31885382
1618248
33157181
94940691
45891731
98602861
99883707
4998466
49569988
27870394
89457428
23199912
17793427
84861713
44020032
97024599
3317707
67920066
87617448
35161028
66289858
5330083
38046492
70555963
32619217
37301850
65692339
46571134
74079058
32065715
6160424
21798143
33301714
80830905
629198
92911164
6820696
27183471
40333070
30317374
84434314
30760947
94634083
89835419
54325605
73687484
44485178
672621
28146043
53925339
92779912
2534865
25217759
25789471
82830502
94347104
90006019
59555963
31214304
36598324
8802483
32528748
67551390
1509767
32033708
26771105
57438406
95529361
27645073
76259951
37926510
90317056
39429210
48517195
39141758
18254996
3206434
14808161
58585741
40028269
46106616
60952631
38124499
45314086
11453186
19332378
27912435
90954297
80093606
30443135
67273465
5462322
86154987
61803421
10594544
20649935
60598838
9262150
16358885
14817721
78475920
30380010
88641222
72556379
73305016
2244862
49108186
25579737
9186308
83068090
33989819
79001188
32120162
42202224
2845896
96020006
88885624
23893860
80511439
29463254
34656743
26391489
90544264
83636732
19367123
81534477
28475843
10146558
87753190
41193543
6158437
42795393
74234255
68614628
53287459
16423952
66150149
1612026
49411835
77596505
9527940
42148022
61284057
98348903
56565048
52958097
63345223
27469798
76672799
2263516
48578976
6139040
64629880
1315824
4521683
24099854
90390554
41179869
1029479
67692208
69312213
36542903
97402262
38378719
55160519
38358458
82782867
41096876
35215306
82347313
29551533
46127176
60065874
64309280
31121385
43889936
61649876
15194159
58172121
37875082
78609978
5277513
3120946
42915664
40849906
98288741
96023488
75573599
30768642
76054202
10156500
34428552
28628811
91482098
4162971
2251811
45016011
44227930
88486327
64800717
70663784
70897047
28401259
70890341
29767003
33390758
48326266
39212408
96950848
95924536
28099235
8207883
4733517
61018493
77523120
47323478
61041277
26844362
39082451
39612230
8887700
63238434
65792500
74052272
95957059
22152415
37225314
88294730
43297002
14529353
87901260
54774272
93247394
5191245
76694128
46477530
52931578
73254813
53981381
15845421
10797372
98502651
81647814
26696963
12654231
44878014
72929590
39913626
74118647
37367573
42278411
59396455
21577654
5850954
87657890
31222831
59008026
52206496
28917662
5802239
52135078
59564582
28820290
32297171
27657113
2806130
39434987
13814871
28879249
9846664
2791756
97543524
36690291
96276463
67208499
94668706
66458841
8952068
73341845
87752769
81340677
64121075
56367345
89695072
93422983
46555477
28232451
75459194
53080182
73981140
85177547
67977178
31432499
64698297
17869663
16470174
27829444
70576093
92322501
46358255
97524589
49776430
18940117
2157383
94964644
19317953
44079594
78069533
68079269
2546687
85424082
36519087
95187561
60999385
26096456
73519481
82374181
62845136
71903238
69649613
30279646
89167706
978653
14041535
72041595
24582057
41935380
39284898
28612720
4968497
3450921
66488749
26168827
94525227
51181992
35736196
12845888
43236898
99897729
78245363
98343402
95507304
92166220
27975544
34281600
92688877
54988089
10591962
67891419
3978986
12259170
10958985
74516768
58426512
12380898
99865837
60000565
18725103
29303549
23569391
92045015
7709536
88190647
91091681
17653764
76918184
42830246
46982315
35977845
55864040
7696755
94111828
82633281
87750034
38565855
61775539
54135897
44146406
85460530
50362537
72873570
94111057
76388834
76998955
76307315
58618488
33360413
3114964
24260674
76174895
98082376
50630034
77752356
50148633
90608891
38635182
58146598
61309804
57574543
39071819
41697691
98769478
98478461
61914394
98700577
12138982
16389059
43194236
74514117
83467859
1716236
37784544
72698331
74617941
69071392
70538811
25083173
57722017
34466972
42571437
94545366
86423490
78974432
45173457
5142093
55772332
78838672
2447203
85455066
77823489
93875252
27012441
45762492
46351901
1960374
93837974
45580547
91614658
47029150
82518495
94548238
31041436
16142545
43325986
39524006
63304322
72677916
63484191
6842438
88415915
23530170
14576370
85009604
57504325
13386395
32600348
4147017
51003355
86486641
34248538
31309238
9156500
64128052
72146940
51973817
27433946
3275071
44081810
62466624
99358089
99089138
41437355
86514704
82649277
11930405
89501726
26035008
49494759
25807204
21026340
46969203
64133724
59335019
84785354
72051315
68714680
67324183
76303490
94920152
27542814
69237861
54283644
3821733
88564942
58043936
23764660
16501784
38677948
6564379
27127923
86235904
64190818
59735437
81180840
60897493
57397277
5879489
81023006
63409167
12123102
53235477
12143854
78447864
33731869
63201048
86749182
63683845
10682428
53046532
99397684
54450143
14615555
62806964
71146333
30147834
48480818
54473924
31531487
59516183
32600633
51237354
74639331
80131988
85736719
3360853
10152955
28955016
3883649
44803983
71027178
52682558
41396305
50822448
89323192
92332897
26534232
41175534
4154961
90182372
62472238
26103732
29872811
2495095
46803556
19375781
82851871
85725963
92436418
31021146
44341441
68282705
62976857
93940255
46452831
90786003
72651220
30539015
51662516
43284808
82626645
73302119
70041040
92450999
84155869
21436999
18550923
24438015
11646680
36831982
88494666
55346558
49946753
13455905
61834856
94181417
66615274
75472978
82616861
1714620
92500362
75319917
97343337
45940032
46634244
54307318
55294712
42929677
80558973
24538944
84166937
93812924
4534603
13303338
93257167
59079520
622552
91834357
14531864
50827418
12933620
4203897
73869063
98074328
84556409
52316040
8104026
97442025
74443300
58218041
46515507
49051542
21699053
40824370
12091455
9261583
20146756
91609812
33312305
86377076
25378721
73083706
74364412
27933708
45981997
63831712
12062469
59637120
13058762
11998053
52113157
23247197
95905724
35156099
59167719
25046325
95263910
19862035
63208524
73430093
28418124
45001846
11986517
51704336
49749736
49652999
25910324
33734894
8323555
21591329
59003045
47559957
39656980
81963344
2659154
36706810
25888032
23265910
59319692
94633223
6993994
68290804
13542566
71541290
12202125
31370082
26403763
25888631
63365489
79351078
54647557
1666361
5045191
67474965
36040146
64399807
67105124
61862377
53092590
60869065
23658225
38598152
53726756
6099414
95828343
47985945
42331910
82019265
44977617
72087940
22814566
83820686
23896854
89746711
3708904
15762693
79845206
27026933
43427584
77955165
32524049
90320124
80599367
83943483
37163515
65426641
87616554
31627850
3417486
16287472
26558361
82359873
8319186
28595436
2175604
37577011
34385346
2056796
83299121
98629742
64977194
35077919
69332752
84593817
1000621
34546832
10533124
67783053
43297547
17225736
2528946
49710661
5283826
37462324
1425490
44741785
43424427
92006945
84588994
1041454
67651586
69270721
47166525
5325039
57478543
94863946
61436822
44320606
28013728
31358772
75028074
62756658
25964950
68368673
95482741
76033718
65811706
35252657
44944596
34374065
84246541
29956048
18610845
52020794
18707600
98723280
46018133
4871262
20188735
70120634
72411158
83724083
14007960
27888834
646674
81122556
70561704
98477183
54779634
93004760
76625443
9682316
47147593
23933698
76777799
38543296
25293235
65384064
40663908
5638569
96006627
96006590
659513
20306590
74822362
14447395
70349953
95402239
46705620
69739494
33310392
55260344
54051525
85131770
15865406
32005179
45256332
84575224
66698943
78494949
76700352
79603652
82830695
68661514
26931560
85287072
89574822
4278850
67666930
57090853
23437614
11916091
86415737
40670916
59592240
33301718
22197153
38679371
10744981
64852104
15523594
67299342
80778326
35566682
2838057
1469299
37408650
39549059
22283274
82780504
31622310
89502905
33503563
6796023
33734795
44395111
67426822
60046193
91113546
54538148
17040538
22596156
61861337
73803731
1647203
99400795
87733449
83418351
65725375
78795153
93809585
30981050
74332640
219072
4307550
41534006
79602690
23756569
80144150
68978490
56619814
5456735
29602541
63358125
37880109
69374273
46427932
5561662
83946287
39695178
47665278
72061310
63064440
72401715
5550378
45758596
95339304
71631918
80637704
11216251
36752783
92447974
23224091
82670726
90191269
86656426
73820931
23103196
44281607
56238952
99417580
59731837
36653147
75630997
92802611
25643017
2416027
33901483
43429822
48520824
30976787
82006166
63985500
53961653
85615900
3770978
73167813
25763967
65126976
63528739
14395931
9848110
56671102
90296581
15392254
56127658
21860804
26221652
12598510
98175585
98212148
27339529
77851910
20351320
88267146
6862986
71237729
61896558
26816144
93639968
69828915
42548178
15013158
85716223
42753819
10555646
89334566
81438231
66027040
33871323
8829498
15259583
39322528
32929484
69015248
42976483
67230266
32048706
78490794
90184191
23691810
38299843
30462132
97801998
57782037
62008424
22300809
22242870
54467449
1971673
24404209
15743833
52305277
35068494
19838967
93230096
15058586
28393093
42183243
11900318
28858324
98463868
10039022
33682461
11355465
26383382
35967097
26309880
15029465
85744588
49494101
93714584
52446372
90406994
4866859
37289423
49800505
64443561
27428365
12191673
33336865
20149381
29860419
84847951
12387112
20841847
19067616
66228646
92448759
52552529
55944055
68266845
44066149
78307503
99640620
21396728
19277500
42019462
21089306
21576853
62729293
28393647
29730975
83464950
61340187
48515084
18679362
83174387
20121632
33662860
94259320
29985138
55395224
33469940
41371944
52440942
97549350
89005420
41508005
72216519
72647264
75926739
61062149
7327709
83784063
16534936
97433650
61656313
80830861
18100603
12536011
86485613
46267282
85397146
31928778
24391946
63176360
80695243
67459685
36044726
94195513
89690235
39106948
95126169
71533533
52424689
27340292
91634539
95276064
4375035
53785224
43745003
1165920
5336964
37868755
93955081
35235089
88538008
34065058
82774917
6993278
87995511
12889886
58721025
54869494
33762965
82611714
6456390
27646655
63608200
11700329
21564238
99705442
77276915
52449259
57079745
97195328
60657059
56297857
75562506
64726659
93025586
78579648
6624196
76286367
61327758
79133215
76450458
90877591
56842284
28021190
93186084
79817454
85459944
7856703
98931087
25159681
35077901
89544187
95885384
82924664
47038980
88953746
97791702
5551012
2990270
22499797
8730097
52070447
55183994
52102737
7928923
52106792
59106532
76111588
27362803
42389217
48714500
91991636
43511446
85628842
20681624
40012434
7011016
7007111
26421675
86994834
13896408
95610240
28376628
15125986
44748884
37425459
14727862
71453656
39707997
15214749
21409935
63468814
84661858
86716007
70421217
67866429
5829377
73610642
23698215
19127793
31521781
77316782
81742782
23058331
90198439
52704469
70450217
23876933
56622390
4703011
64588257
10946406
97559378
62402339
76032592
93393154
1128296
14362629
85365026
38460238
282121
78731490
19599429
37531477
3959575
64956399
80436468
65607777
94086155
44353552
87881731
2351477
57775815
46469035
11556073
37119805
80458486
2729408
60414696
12103
45757003
68914006
9885553
91928957
52557956
57088814
70597727
77342160
30342668
92247956
11773458
61150401
32806996
44446496
11994425
82573354
8799709
95473265
34284708
83098424
53736092
7096526
81079586
83850360
22432145
12792625
98326144
39370096
39616325
8432964
12214712
27202740
13830147
18723679
38790785
76272614
55970843
81795735
88861863
66293326
87125794
98716671
96234644
6398753
94418818
16828206
28196498
52200671
56149232
24433649
32564686
95955867
93824535
32953661
9226825
44447375
69418316
891755
27260222
82362987
28941650
44775699
1438475
27996389
96804923
25357499
52574305
69093092
16273395
1109646
73265041
53308964
3164286
42824556
40416436
87034013
9137111
6027760
26757983
65601208
4997664
89630905
56993611
92932993
39574375
76663286
35270887
47587193
68806086
76395708
69322673
96723470
17044572
85702892
24405947
84762151
60929240
80970377
91315362
79088069
83319610
97620520
82256132
45053421
19741423
95380848
24764068
78763252
58792027
16451720
51489902
70578431
25224087
410997
4242313
85109325
88213044
25543781
99697212
97108780
483049
44715363
80450224
96977708
75299102
57032769
46807729
89467800
47291227
42715024
59819942
15489742
78451274
60870689
46009376
3229122
61227870
9601530
6411935
56157625
37302507
63669297
98719592
21378019
74171369
11002414
3481009
72883869
77540758
21086836
35238292
34257906
33909022
65872590
98175514
83286407
86117534
91428174
89108526
78561631
14322833
68092832
69956706
82577155
77518647
43979308
93076574
39120201
8827059
22132220
66899372
81699865
76293497
38236155
17276287
78040971
69181112
91048063
97959199
97691218
33836763
8464339
10248243
51736674
52871989
68415021
26516853
25319813
27357907
35834357
64473362
91852397
51660412
84031456
91561626
35834221
19103417
79383496
33461074
21684547
20560812
15550736
87470895
50858708
83265660
79961915
61376973
21358962
24347857
19361135
60142019
7098285
69369364
80637995
20469435
77444536
83012053
75506724
58700721
84751865
87322007
5855520
7105789
21536641
47654285
29373503
49863520
42185582
83799659
80146343
9130252
13134658
59209482
11206531
8731877
66417748
86079524
25135379
45802975
93454981
93872045
79822141
88300174
72594763
72269836
58517032
51056555
50567923
77372980
14037215
85225193
42555326
84867703
27513520
78986020
51290573
19496947
52589787
56762678
36415342
78974712
15116022
86454224
58491196
21928092
30839213
79182717
79607967
6071065
81082567
29274618
34871848
96054603
65997321
78012767
56993404
77418103
90292849
3586195
67081887
41684562
85938477
31343703
57686419
41413867
894508
18167634
87784800
53858061
84658554
15351476
37192164
85042000
34182165
50337524
73558574
58283558
33035134
5953359
73414882
76012148
605164
15871442
78019331
89119721
4854057
53195916
76389586
51609099
85588401
75246247
95787458
52494823
79755952
91723349
53589275
84607081
44999905
80912542
78466000
20478794
60163877
18259493
83572251
50394156
4781018
190834
36018910
67439985
65337421
66153000
67191489
73652599
37107270
79465974
22131055
47232697
48802181
65533662
17127760
60598505
32176753
90027322
51366625
77137343
69878516
94085394
19400758
57314668
99623551
4954727
42937778
99379717
91681640
85675121
79409940
21289092
15504451
82041287
7666508
53045718
96206636
17960919
99960269
14192984
83696078
49419383
45583692
70778671
79293707
29235819
91471458
10579589
86539006
4206290
47290134
40197711
80823868
62732388
50279138
40390429
14236871
55862322
15506596
71148659
16619917
68437061
83943738
37498010
28403033
31397495
55098482
39715590
38484368
84920261
59915920
43468740
78572549
75499530
98737706
53082472
24880507
80039642
96512645
94397790
44144411
47309899
24710779
21236719
58476120
56434304
89892729
47000863
19624839
39844643
74613694
43513161
83705444
66865039
56687664
77107741
21452982
61590375
43197936
95045487
84117674
26165596
32312697
40294958
39788498
59686803
96659112
3922647
87003561
7819711
12801269
15374841
73228838
86788600
53720871
42970043
84402638
21699146
67474813
6422320
76746953
1246779
71671718
52409713
32172912
6228854
3336711
51066505
13637112
31775500
27759104
53638108
17559165
2224996
82976096
23407778
22707848
81968967
30706364
65208727
59000867
80165592
45018695
93851579
70507508
51574184
6739391
58460935
70669207
89637333
90934258
28427935
64498582
25427418
37200867
61565278
38879433
176918
23089296
49942876
9105431
52132787
7908511
94404045
71153119
63269124
46651987
88366043
99409011
98880473
49082200
77085369
4797242
65641821
7363411
43533898
93836890
63534833
72416681
58533379
91197489
7912331
51217606
17907679
79707282
84988365
84339811
46209844
17485255
26859437
49750620
42057849
2627357
99261747
65561985
46519886
59830794
54115719
59304815
72681237
79595356
30570882
85768813
79050413
10894387
86738184
96620345
61471916
1768560
69400154
9549425
71317440
1946696
96472545
69138558
89321595
30395285
83101403
49761045
54556394
20060120
82769799
4641511
81555560
31641941
43933081
52606934
89814300
92102370
75163378
81093770
79915022
81202566
25335941
84222170
40457062
89145504
7146929
61443641
2727687
90198194
12446732
32963525
53741907
86722736
17692736
11607005
19967798
83239742
11987661
96816758
68891996
59943823
62180772
91529406
31362402
10379418
30056638
87239497
50547939
14005523
11329901
78388826
42636299
19450336
50091324
38368009
51205862
93422477
86183295
42360785
68415979
17646529
15855185
77070483
41464436
63615309
78687943
44930963
3599486
14920109
90644288
20230732
22239610
92360256
24173177
13700167
62796218
58670738
94597179
44199823
12269884
92948164
32226358
36696789
23329965
96298139
40269627
11014357
33458434
37105115
47766294
17322185
87523346
74258704
4514953
7694249
66014570
1082485
36273038
65073846
5528665
5597756
91350695
86622625
26599136
84036988
93436113
30206807
42947638
17506189
23607255
86427051
99351318
50435179
35978021
32926721
4328553
24598726
6364974
25818615
76781550
93656253
79538549
36922619
50451245
13282423
87496600
41169125
86522967
68587049
7897375
90343455
27654241
82034161
20219047
11918506
27527364
32424222
90382151
32653037
97739087
56348120
12346423
54349810
83041384
72142831
73745943
6448791
21677449
89061596
4744575
61385249
16302244
73449066
91569099
26708853
44873231
77556349
72000512
8438244
33193188
5110361
74980862
72258669
69453657
94666351
19653444
44412157
92415140
69460057
64475180
80471962
84979227
95547411
10433898
12721364
57646127
64376859
2174439
13820464
36143840
47614155
95376276
18674119
29715385
92378908
27204748
64044386
59360379
73881898
39923794
66165857
96372043
7283509
63018904
93471589
85985674
85139566
32954428
91013804
83356064
43904121
32974227
88445321
38045574
7775881
76891693
53616982
72037578
32346105
32870
34391608
99588983
71318886
93732836
81329630
85984304
36469131
37146473
86483696
9587501
47580848
91047252
62602726
40495356
29373591
43789843
24146948
39272592
22093033
7073486
10096225
2193750
49338035
74202408
3778522
94006689
97654234
79661009
56686281
89200932
28962389
89748277
91979255
71908472
80322527
6886342
63139523
61189044
75459528
14053323
48615857
84328023
97645121
55111387
59249371
64433060
6928267
61971425
49961663
12755441
12983242
92742071
70985154
59475427
30111123
60114060
956830
87261439
85417950
31774415
95412503
26130508
35715068
5421220
68108078
70981555
77566521
61821829
78179681
37505810
39781324
21689083
91625585
97399532
15853360
57367881
89735607
12669192
90760403
86970237
61076670
79430375
66460081
19774117
97506908
18390672
12500990
85991737
71978471
84836268
93514974
50425048
43922538
19691423
43342205
23973688
64317352
88579080
53454701
43297015
91820603
73533615
85271035
10800763
74750206
21865667
66613817
11339378
62667645
64648691
96635508
36488368
57580673
36759980
82997683
20100764
90485178
67362231
87218457
83456183
74141347
49730586
72753148
37912667
43202511
14406143
53141942
35844712
7967716
13776053
88081241
75037233
3117822
62762030
40833731
6481095
82879183
78380825
77464195
66685951
15837470
64871043
343983
6907158
59870914
33041771
66317718
36837460
23631176
45634994
94774942
87211849
40060582
91235986
92941606
31647286
98541510
13648449
73538548
12757783
74484201
3232319
86777514
2054476
8392983
46514933
29781931
87543582
15712498
70486720
7749093
8670854
23950385
82722188
81899775
9825979
74668627
82949359
59671953
38497969
38659925
3875641
95081750
63613738
20024844
24782182
82003239
7471196
56934379
74525804
73817954
2561010
22093122
97699623
40728756
84876341
42490568
58471751
48658648
34410950
31516429
74416351
72737472
64150881
23465647
22407244
18705967
27952411
4385115
81228029
479995
81033951
58037640
15200911
78714326
65450340
25975007
43666788
4101385
99280368
54605460
46709946
85208031
39547406
70093967
43923656
85051860
74085265
29046679
16459198
34344251
59725136
92003657
19376581
77336925
46620825
57800348
84927262
19841392
28591528
39304384
29769675
99576625
11102005
53019547
96452883
99422112
23526434
71123621
55317615
15744443
28265044
14377204
65980134
78818492
29669530
94667495
72468127
88445936
17281379
82504051
13537822
63572081
38622744
94987722
50887132
690089
54098479
11205740
5719982
28058859
9155074
30901086
52710942
66188833
74786659
25780771
27207620
39201374
9727398
45597319
49016487
67146738
59892104
99022718
22902420
2872424
9504221
6320665
48533009
46820120
70132672
89036484
45616834
92189472
83961057
87705404
72919352
66785014
3773001
48781063
98294255
31469481
43622599
79654143
25658048
39395231
15934934
71181
2429437
8359637
77545833
15073330
47493806
20538684
10677709
88800210
8496403
98143580
63589824
25715279
32704006
17907561
82755104
2856121
31389425
40552330
39386478
43499138
61175237
17766422
91984245
77521802
8625420
67714100
9851327
44569639
33212988
6032689
1879541
81272443
67222832
72193052
35438555
88123493
91783165
98280101
26828156
41415776
82100007
8884863
6050386
15750568
17943986
68884761
50503462
35751079
25245496
46182576
67855457
61305921
98603982
22285687
66145889
58581091
71960857
71191549
73245586
52620757
67105814
30791113
11913505
34464848
22339439
9416871
76205604
94374295
81838424
23536223
10918356
54486731
92948118
50338616
13753968
67874622
42432729
73458041
79756674
50068887
46660748
10533916
94359855
14920188
68729308
13839202
38267597
43844946
48770317
50568849
16993727
45759946
25296370
18525492
32987750
93930558
22063331
68779565
72027913
64790807
37424752
698808
60830356
6699727
9962693
29416621
86273431
8120080
89721146
84310559
47826396
28007275
49426039
75998107
21177771
60061284
99981737
20912200
26321865
68426886
74702242
1133901
59209266
33335464
20790846
21758930
86240416
1150501
25050536
58412973
73463214
72685600
92218261
37075414
81823154
18350518
12384488
70852360
2489378
82766127
88876131
65851688
81182938
60953240
80113824
97816989
13393873
83062857
8465953
70009894
49859655
23728937
99961567
50578623
11624087
78188703
9638813
10555787
15481837
51847151
42741492
69011112
16750130
37882053
60613005
33696926
85673829
5956440
17932260
16977573
76948262
41794370
81503273
6990094
36482036
83057653
22854112
6019613
79539895
32420622
38379373
44698629
18051900
15586154
52059934
2630879
35318675
35047812
72734347
19560519
98469075
37220674
62137336
81618510
8750036
61196438
15525289
67545906
47352903
66320654
1133084
85788064
20502577
86277055
79873543
40875561
30035221
18924896
8458843
16677566
19631858
72991496
81746397
58535737
45488749
86620059
55213722
12398557
74822749
90417788
4377902
11843600
36603985
96639547
98556525
53459810
58189113
53134870
33564077
22270063
93714925
20308925
26092097
57729272
55194249
79471071
54459659
47843685
27484247
58196235
25546547
23855706
40453874
94927511
89733649
96645804
35419823
42606986
88519794
15649647
70288144
4814333
49235763
663410
87805446
58479940
60733222
17150336
16588347
23430931
64397478
37488903
4237319
28237418
75499544
69226320
94848987
87385861
4600581
50358423
74197106
60947360
29328390
31243357
16385664
28884489
27234776
59177448
69063365
62281024
60445219
77474948
88110742
4198480
81851685
82283079
70367515
9665880
93937240
78560482
84031821
41514497
95457863
87944081
37368157
90040950
65529071
5531805
44482348
68254389
75522716
15364556
51770261
76080253
98470284
33070795
45067006
76527832
45680409
13715462
93026095
17624520
9966813
90803888
84716679
8654404
22581672
92657563
88270946
21481385
65956935
95411453
94365359
73627856
90460746
63401999
50281693
75911817
86387735
40263437
36533206
39139689
50662951
49728315
48565426
88200546
7402678
59584785
70147962
83456330
10460901
72716363
44534651
87095649
99216648
47789425
13220688
2359476
44449366
68183839
11494811
95639670
17528794
44708486
12130287
13998782
66398071
40148961
37627437
3113648
46570746
88658560
10382200
91998587
40126678
27424029
53030397
8592315
87788037
12361117
93723527
30362877
54841049
39999148
94229242
32021548
18313233
19315529
15730939
54615709
92917188
85417971
60227148
15816041
54863651
65170246
2373501
62740510
78743084
52188099
91970223
14046375
30970212
10627490
24587938
25213042
54074196
15137803
56554727
35872660
37385547
94594402
53513679
7324382
29120982
4311990
65140234
48431350
56738443
12880030
73753282
2520322
51750125
38341086
20674941
68504167
37823393
77678721
91379026
51940561
12967149
35878941
76955953
85058680
35452769
17027784
81694682
95699809
36026320
70740359
70800495
41257921
76517913
60387383
28542578
72663447
9701078
81819283
25975137
43510696
66685927
54179116
8585047
781247
56889059
39636969
95379434
99386072
76138195
68563335
49656845
23540744
93231962
18194925
39651281
87827135
19567615
34238217
30944828
79328591
22487323
58405417
47664567
16051712
16674314
88111696
59001846
46833344
93110710
64796354
29880424
68815095
99926574
85542906
88232546
14690237
78750506
77909448
23026363
82558723
61319116
27839302
2838482
5062344
28584109
82947277
16492689
10964910
60892966
63567851
38504254
55883015
94802922
32551676
6616265
41079476
91011463
57011106
2382237
37994780
62911487
60805648
91335078
55094464
81834087
55863138
61304045
57565684
70847349
994844
48039588
20332263
13430989
92271974
44171299
52543268
12296528
18788621
61384184
73005853
26607008
41174428
52061589
64788250
90730423
38373094
36852642
46405600
36596624
36003837
2551608
12581621
44528642
24256288
37977819
985807
19551078
65307280
79119142
29223104
6147575
63145375
55368501
30863864
61572701
23189327
60611248
17222454
6308750
70187667
91065959
69041736
29785712
10358923
68822720
6071877
52540755
94043978
18574398
75618210
40122742
87852264
53983995
26623040
74268207
11065110
64352699
46311141
88784742
46736421
82107080
63531065
63918319
87625636
3798251
53158647
99573246
66744065
42517869
46529995
16304069
25997882
75417057
96218995
86591270
78745565
33919386
38143541
15647870
77779838
58892167
9543084
52864164
64986353
49554407
56365106
21855190
56635534
71927397
13081562
89645022
30476653
41689394
41469823
90027019
48312074
82438679
54610612
64517902
77510860
48909967
76168806
99824590
37859915
17104142
59046132
76434072
68433778
97165962
58997462
56224457
89234937
83484774
67689298
21778174
65088444
94202289
44831032
99461638
41083716
87528323
77058321
61660513
73564984
32012787
28329429
39822310
5559085
95440305
54984176
17306948
93220093
19985634
77272039
84054662
51862567
47388717
76675284
55845586
43511172
11269521
20431196
91962733
25733424
47682713
67244741
2372754
52910952
82386310
56530255
47030331
16315903
34103069
99353636
60298692
34154799
8035457
32866970
49614436
36188043
30223719
69291126
56428693
59446584
2590080
53871083
82265181
83528746
77004515
47876279
93022190
72693237
55445124
97390584
27064207
90415921
94186468
78321825
11774632
73570224
98432180
46533339
30897031
30103399
36280734
47152500
73958055
89984311
56667676
36859564
34598082
97070051
91078394
91717753
80468360
42617598
23136400
80868750
94994760
86027138
2277997
94038432
88004421
25498393
68313732
70483569
25890257
78250489
67999820
427040
11083937
84825525
64691128
67065726
79838033
19011527
9657312
81555780
21274396
29984256
72368262
93758888
92696925
92499860
9139699
19038183
61578468
7150695
59752556
1632412
71090133
31290655
97485131
50946970
30440572
1462809
11139213
15859765
34213824
71256419
28595820
53327338
59425380
36791584
6962054
85375073
621485
18990038
88099389
14670477
49205237
9772995
25187553
41380830
22486301
74826147
59893927
55553183
6344462
1105171
87091011
60210637
68714468
63142082
43868395
17658783
64524174
12119624
18356776
34417878
97302030
25447247
18022907
47215381
11361396
20290790
13430466
32259315
25252889
75017741
36030607
29330300
95505796
6288288
4038714
44055147
11394735
12788018
43207248
50967701
45744915
55930419
87670818
32171050
60684958
980009
65549197
12411130
74604295
44426375
78095332
91793823
20829023
55523609
49632761
72586418
61356846
91303091
78158914
89338069
13463756
4055773
97143712
79878613
44848733
77870780
56362342
98294162
79657978
2063933
32496508
96659425
34915958
24293875
38470166
52395874
12950071
4894976
92156155
98101291
29614295
82252124
51283009
55873375
60365519
96371561
49825375
89305521
17627474
8753965
32795051
69207036
58686202
71389611
34104070
14575343
1097715
78332372
36457106
81858323
62906942
7135973
66101521
25337067
41082792
16143730
67146280
96655981
19524478
9218862
41110010
68727370
38839372
30653319
48771698
62671549
18455908
21808822
50676831
14588403
64600314
77433001
13868527
77270539
40141450
50821458
95300846
72323687
41305753
4346076
9198638
99990726
57117921
83910207
41824255
769841
12465646
39827748
79903167
86881594
9293507
77544576
97877018
63719324
58866441
86158516
59033606
75184134
40872319
59388762
40610708
95623465
79136339
39475617
79884083
90933375
4917544
38766870
53043415
16494036
15527704
43675893
67270701
59063662
37902930
23054255
22577812
79183301
96064408
64307453
60134834
98921130
59362102
52096407
54491387
60362054
33043851
11177985
91056197
29014085
82080767
20073399
19921270
1422400
14405007
26937948
35692064
86860725
78609252
24938775
27893652
43456484
78003663
65146306
98332481
39970152
63997290
55536460
86345134
65769731
40533792
93908389
16164884
20883980
51811390
64872662
33826516
21709115
10643816
51256915
39793835
47121887
53826939
9229668
50881810
26416089
72794872
4993468
35201357
79687790
79443487
76888578
64566368
82692405
42368009
46867328
64097581
85401338
20665561
55305438
61216943
88808784
5885481
60115888
77231157
84954276
16077753
28207462
20849735
11462103
85521635
47448108
71904038
10704788
12830280
36958117
54987306
24007853
13014512
25865228
84757745
78493875
65393354
75206955
69459284
37181865
2867344
39834084
35966700
69007674
40325812
93377625
10543413
77086026
97990333
27492874
88873178
53166860
46568838
12520250
43122993
18846152
81249533
80637769
83073548
15967469
98223233
23099197
75703487
32540052
40584650
51787111
12444475
681017
81706252
96118284
48166656
38870620
7381421
77936968
45683770
95569489
51977357
51619687
86818822
50788764
66405713
19736187
79881113
14428448
90064864
60884417
92184622
53006762
16090442
70580879
65228601
25488211
23458323
88391834
28435999
30846809
84247786
97424157
13443437
41337640
31717210
10764494
98294765
68228869
15947694
8956530
84590422
88006813
58358085
8662421
9030071
61902258
81888800
2929370
43715704
94330987
98389562
53661105
13268204
64669740
48097926
4075126
87443189
52055204
79150229
77489034
44780959
16534249
89185917
46908934
19199180
11036481
28963976
56318517
80954173
34396147
27861643
95220458
36782648
31579016
57726730
23566464
12431998
35715338
5618189
64541626
26567337
41095599
61713898
26269568
18833802
8736232
59587265
2672036
17946221
14249392
45467954
48763667
12608779
63233024
79629827
2347372
5519993
51146205
52900141
65177495
16044901
96431906
5085490
72591722
38582399
12334761
95256280
17018382
51923915
98428957
14254466
71747238
28334376
82396439
77311498
79226354
10706078
71011349
19589370
46547187
48671667
14685731
32927071
56485665
23390943
37457841
55195823
27632321
4113507
79194709
1952418
37463713
56579165
72494293
74270517
67290858
94430414
66303570
68888806
7512262
27803675
3634285
63593848
42272659
86167776
37150959
85315809
25810842
45724925
20262403
23365851
10750308
37729227
76855059
94129761
94026104
38929531
93958362
55161740
13515782
89137328
50461950
17657762
94730495
10873692
474002
6263311
80661261
81691255
62346956
42233726
53944944
33495376
39794346
85043537
58049145
27491072
46455570
77777483
7434868
27878744
63301216
78752599
9417832
25772412
24776317
1265897
50695262
71296029
30097867
71714101
43882426
45760522
47516988
70400677
8399025
98731775
85567937
94499998
97929990
90350813
72388068
78908728
41400717
75410348
5451692
48020281
72122419
23289237
63566002
88922968
8031195
43738611
27844495
43408086
4575734
27282244
46741692
21686754
67097066
12305831
70265380
39417393
25240761
15758460
65246038
71579249
47523912
30410322
47920973
71717987
81955690
54337088
54987543
54961227
55609591
50707124
61849516
21409850
93365296
45001519
29841009
95528960
67869200
32157774
52331207
66628656
80838510
59079998
86917339
95721261
74924453
49046568
31639976
49140329
29444798
22390157
10531680
33175764
7960725
94760166
36692120
20219605
64036672
68677090
43118589
89343768
74506902
28271686
65479706
41673457
69911089
20688236
533213
88042904
14896818
47332737
82666966
76005418
59558204
99933358
27179461
58006160
25349042
37671257
91108477
86709046
58505821
30919671
130804
52683427
48443446
39281737
35735685
49443309
23682669
28239893
56921432
50123391
63516381
85930802
78255196
96282866
25636138
95159167
67937606
38189459
39511533
1937959
30202736
27898683
95488395
80030609
18387512
36219137
83852845
59143023
34424562
71585634
71543297
93020922
17150006
20908511
47392253
41613655
21220568
25697031
95989490
383565
58778761
35564231
62006954
86106255
31203514
73859969
8446792
87134573
98242000
29268304
44293490
74483214
17725182
51599518
20279441
86708045
11237112
35179087
50687948
92671876
85100892
52322147
72558047
82452150
22175498
61609680
80343220
44242419
15092289
68801305
59996879
64416388
64866605
76135894
98334512
37278510
90499340
7550862
36126764
12851144
74952838
33195373
42791030
23639136
36567860
51968198
12543322
44377765
80567547
58415236
91415411
42067081
80214253
25955149
86807631
33469193
76513842
6887128
71381657
23703957
47640801
39897379
76744415
18579534
58754464
88726760
37607961
65649413
85732046
5761810
73082103
77810114
49165653
74576289
65095033
18722883
85431248
19592109
57949624
76977553
56444078
51939037
89990612
48610553
5536569
12394103
41692555
8455402
50231828
57557827
40219745
56682301
51492481
64012123
22902805
45210417
85431964
10076509
76402880
56466189
12532225
64006128
23250610
15244847
14852344
47700298
47916193
20340717
44983242
1694765
53451969
52707486
5769252
95142235
2860077
21124678
80692003
31564044
24001130
18157907
21748624
31033257
62552589
25768943
78823993
75743721
24252241
2738300
10743727
33148017
1658672
53500393
78400401
45057528
26167183
47672200
14844763
93280726
87968553
52411207
67690909
87559414
42926482
43013269
3559829
97602488
46341820
62913056
57365547
7380735
89424748
11288286
37567040
34775049
11942255
66341592
8071102
71582088
4188552
15481029
63728699
89621895
87705825
84246849
21813698
16592757
85380570
97825485
34315315
92580854
73432385
74257495
11748270
41173986
78899763
86812456
9439181
20724909
41999721
65678368
48549417
44287008
62980040
91930088
48474505
98372842
27224073
13437878
53778007
86095099
6366416
78964819
93673651
48953476
38875740
87118529
68101492
59030308
33689640
35489616
76011962
95723040
69986378
32883165
3156255
28095715
56156099
77411744
42618948
46344135
26037106
89911930
88420553
8296133
80497345
83678640
6466657
95395814
79134974
93880963
18252163
2980386
87434731
51686636
11524618
51218631
40767383
66993125
63511348
56543298
85822739
46797311
41454463
55225944
50367545
30596008
93823986
18976573
98859317
27188409
90520787
269671
43563261
17686578
90968995
24551847
76627812
27243686
99284122
89745798
78347199
56908709
91719517
40166295
57184034
81522565
80525054
51968769
14833439
17593929
87579635
40620059
57312075
26855178
40429831
71161461
89909770
66381751
91567931
76341736
23257918
24607427
71068858
74440731
92893506
51162517
85934385
96449478
16937690
32953304
14395341
72082877
83153540
54171770
18433216
83170228
43214818
69261185
25091919
12212931
70591537
57973209
84791980
7221332
46747721
824782
10802514
33308432
17451878
74234188
53445661
40341267
98553300
14630682
49806589
26787330
78110828
53579343
26543312
28609684
22762700
62608760
52388338
426827
83327895
47471854
82513881
95354404
44689446
77367750
27857907
34967767
86697146
32869257
70430008
55829800
31351742
80320588
5612588
46041110
11431129
62205478
20598813
77608056
82078400
60018981
64019781
71079407
54342406
60073748
54519194
62818876
17812013
99043605
65632055
49253535
2346293
24689853
25130000
61221300
56465614
93004201
52511376
75915791
34514769
40148369
18483277
11918614
44794012
77797434
20590564
52642205
52761298
19533193
21885345
94560411
9630525
69266181
16773561
53644688
44198973
37603609
97962620
79794841
42124021
71889346
38703342
83955107
31857599
31398496
12823781
79078094
9459070
38832237
40833114
65872517
14364524
39342356
91115108
99491069
93511662
44931663
79411457
70333146
53787058
31247710
69779789
46674332
53271924
69098120
29020038
13180609
61060964
65486269
34249527
52103417
89421282
69836023
87708693
93660784
64120460
67228200
32061823
33187629
85963700
56307113
24199093
59965854
2470301
34546705
59324165
34869331
23920447
24778065
44095716
70513412
18547515
8819327
51359428
25985110
32957568
54851507
7650651
67355849
28526903
13458595
81927021
74549815
74915831
67301726
6212445
23920981
15799655
39929519
16167403
53767853
98448512
59316638
55433116
97953827
73683870
7996685
90116242
71478310
29064316
23297187
38296643
63358335
13777704
29438191
47586359
68321408
51833061
22424654
28129573
90063584
58098983
37007081
39655564
92403044
61684115
77379650
57388720
73386221
34125545
87427012
18409689
60099803
23131890
92210934
73306894
61486261
91318484
45951169
91806094
74472538
27158005
41813994
32172138
44501794
67907506
25674973
7532637
53795781
84995888
29137409
45068246
15423005
18696611
56471928
6300528
646749
24887996
77292671
61034575
2759669
85557982
42305967
93163948
1384752
59649636
50513110
27605351
89757466
87243369
74478411
4466477
31569036
96088612
20205017
77970811
87652013
41409724
44033126
63117587
31342689
27333869
57833807
17933466
16545449
77493256
13458493
24333774
1583834
48925221
91249829
87649339
66602570
59781775
90543798
67187531
49049574
84620846
33104697
99023468
21185069
50864471
96455745
52132974
79089534
32991893
49605618
32019382
230534
83157475
52030845
86167575
39417464
44560387
27529487
45860804
83224843
1603529
5922754
56732769
96875987
43640807
57042722
72544566
91940747
97402585
98850518
67948216
43827883
20064954
93090049
63834631
16187151
84187870
76308087
958812
19789683
20373211
94397546
57664716
486034
95614624
82130062
51201543
31151594
46024950
48141653
26886814
61496446
48630398
53435295
30156895
49462617
92692896
69888962
61335477
22935169
2588408
56305459
89438237
47969988
60147236
23707100
7009540
52769299
25980012
99143194
69051347
9510252
66294230
18992821
85565703
18479098
38387375
85188051
76548020
61666677
6001834
56849606
98510812
83123475
34594522
72809391
24560752
63514726
41036334
77068968
21473435
19075757
47017764
98552969
97277951
86234888
26706444
37532680
76353236
26855707
33399764
82478522
15699342
53067363
96873639
13421267
4907534
89878790
31547802
63656886
40774583
39927448
52370461
19661075
50969348
88695568
4453953
73305893
24564554
3907097
43141127
92434537
82496368
42196004
58372772
4687323
79689924
83642196
13387707
57508870
27389425
17569155
29385707
49853887
77746657
40754948
85459985
83226306
90252245
27577502
21964433
20783661
86339749
95424401
28617646
71980261
57746821
49526397
88555936
14666182
45989814
98139073
42432008
16607351
14423228
8811233
54012106
52559974
92283603
29386627
38033392
92739965
46601125
91796198
25644370
19669758
54460838
81985068
97785651
56377320
81195105
64951255
46906430
90273540
13932495
35493557
79961443
81883733
73561754
20508212
94198965
48566287
52963274
71003247
95957166
36941562
6989194
37031604
32368530
16088449
24262390
56356590
56543032
8157210
25540628
6020183
72713897
91808065
62903042
83550305
29129395
57378355
82902739
67409975
30803667
74263069
93202717
33521106
51118070
40645403
92663299
83422114
45391106
76911938
67709780
36085661
35715802
70478856
17040464
31040639
1140767
81783990
23513465
38252133
13887710
58008315
89698731
52554136
73529330
37647360
46217423
79500248
17054973
46026015
98693064
73576737
8944723
22308301
56405904
96122317
93150317
56595714
42889374
92978191
64525242
6784017
70486244
88047292
95492905
61734217
72197054
27260184
87439221
8458129
39754714
36806290
27476722
56238774
26774196
52148628
15930245
26879380
29293321
19994850
76799371
37504646
51862621
78631671
42928866
30818123
94766119
65731672
81462984
51239046
74497307
14672597
62832957
71064985
32772193
21535326
83632481
75045024
32996292
49858992
10015212
81330122
29298146
96866700
92121586
8446157
55081670
80075173
92771061
72876545
73233685
3980086
7780663
59073258
15813468
94749844
31230941
47427511
76403432
42248468
19745755
60053944
91864665
51885546
98644263
82115332
97132166
15422162
12981884
92638735
51277810
1510441
67862183
69142131
93931418
52453067
54916677
33708017
73112938
67092571
31020007
15133110
688853
13122168
29325397
65355225
11829252
83788936
39029566
16970183
54858053
30934306
81440921
48634519
60068528
95263119
72327639
47672910
33283580
84123230
23931360
58478255
21060663
51502143
27210198
61721581
86548539
71055121
7797683
77189192
24076237
92186805
12087552
54905571
82864069
72412896
94869743
17787162
3371272
17442846
99809012
58112572
62421123
19397185
91232745
43809364
63965426
82486160
68335660
57202244
3707476
42286187
77829322
84665918
732858
23804149
51443217
18533203
14571440
12437397
86546047
76446023
98925830
8229454
49599516
38505250
53431017
91368670
5245072
78661468
37257053
93349812
59552892
40364714
31280301
11536699
27959323
91350058
12685181
83045377
15444363
29064037
65709984
55515468
83522791
37301218
927865
82901591
70214699
54061820
42261506
25435277
86613204
92446259
72090804
31492140
59215681
87250611
40521820
76004266
28252840
67065260
74624839
10466164
14471160
96728198
46426982
70941901
7336589
27734284
99191525
89781783
31492106
18328513
49518131
50809704
72791022
43564776
44280223
7348160
21829870
43199210
92351069
61963711
78658066
11867716
9916342
73582496
84069174
81834775
77974683
27583180
2704303
30980219
12141154
51022772
7117891
45742312
64126386
41023895
35892442
56858878
15139929
94613539
32830321
25463498
96481454
94798625
13380492
38330968
30599989
94688974
88143752
23104307
49914699
67185086
77654088
26546637
52559430
43726763
44873245
50669703
81592332
44305758
37981372
49738617
55775786
11440963
26719586
58311575
36776073
45034289
5767058
36243739
57112062
62664805
25486396
18322091
71652782
80574899
96503466
17828820
19537717
13967584
49544564
40995413
62223703
79923483
11914036
84208303
18322094
57211267
76163110
31607816
33817342
20162745
50504605
3312990
20453080
10419244
46002920
73198440
97755736
97366477
35349412
34964306
32096172
31609539
55570972
86771141
31731888
99785439
87274808
55075394
19103248
73882107
28925360
25435613
74376574
40587903
43887470
24008752
93844085
97579551
29622570
53274342
10482578
1007083
73068179
42333933
25044066
6792844
77957808
7688813
95982556
31147927
95492744
77327448
97875485
33230644
41169574
56349726
83694693
7855598
69804723
63392396
38671208
10021188
32260591
86063281
75202785
5940644
38450903
23286184
28291402
49009748
17013748
59357754
29051132
15485633
47987035
23777947
66126275
53181268
3552041
46069664
3557284
42674322
68910512
90557789
4233340
47239443
47476851
32535961
2034563
62882009
80806242
57382142
24913240
81022830
31097098
90561190
29267742
88651582
97710038
52544784
78806258
51335462
38045136
58960626
35882027
47745587
80567175
124957
71444511
19744632
12782863
7924075
84964474
76764520
52548804
17906787
80815604
59614881
75719621
28159484
79771282
5191034
44374090
28928015
74943157
35933612
94794664
12953175
71451967
12468309
54400059
41060523
13623287
30841385
5057030
31619031
79094331
3412822
64954697
24335869
86931042
50279942
55972489
89000606
21203588
73586719
50282840
13480918
56575215
61105147
80867567
75223485
42014016
21969753
23772211
24096412
87201321
67922187
82207291
21087081
67929458
70035354
55122105
7585639
26495410
89832257
63665691
20115474
62492111
94735389
59446332
85369616
40137095
27820040
72653646
30331445
13769968
1578803
44710578
32203356
38009296
84375438
38691420
84242804
42862497
54930483
93077126
55512327
30269250
39683042
81514701
7302952
66881081
33658813
46811377
53471748
17534482
98309637
31273697
48209548
66269110
97418267
46140412
4338045
94744642
43508790
26210165
29278024
89519218
93435644
3223589
84425904
19331817
57794404
28408652
2499371
22023305
40449280
4418315
27148664
47057384
76506348
87646940
13996137
5957533
94358661
18043030
99100589
39256334
15390623
35800891
36842972
5127306
61435751
83464888
81117956
78511616
28030734
90751060
83471428
59077138
51187878
24375065
23182124
17748668
54710648
3191676
47119758
75951559
72644143
75054199
74403601
24630162
65744153
40787320
11162916
73902720
59932472
74669583
1233659
38487638
83341498
91604217
8397471
83944045
30686616
18550898
97443381
32163155
6751827
20960884
78783071
33624850
6217194
84627232
67124250
67345245
80607263
73663287
62639736
54728260
22990452
78952740
21662807
82881039
71881383
87516879
58139417
16532566
19761143
34122806
32038195
54999077
69129974
10921671
42123929
37889963
5867615
45755100
98238842
2095675
18912428
78638778
73875881
76275114
9225199
98920907
28965440
6571720
94670996
98151496
89446799
16350105
67702498
91830727
49940996
47826507
52956484
2191497
81821857
45103957
60964857
8993263
47331709
57093687
17390411
39835212
88828238
15259557
56676710
67602679
64399677
85376535
7968863
7847715
79671953
72666032
45696599
78425881
93666224
32860442
9243242
49939639
16213705
93423949
43896095
5605941
3664570
17151572
84616717
67441268
89088615
27783915
21132003
45860611
65733095
45447823
68035090
8772435
94746061
49986409
86137486
68661202
16022975
90267420
78352877
60238991
53492178
23381952
67577731
58332605
58552350
86532249
49489020
13980645
52397178
45941365
35906594
42948720
33610707
5058168
58684049
19354631
25794102
12500639
94575463
94402626
47110150
99103091
2240930
42035626
13312071
58678698
58447961
57689652
51671762
54145947
4898990
35019898
25365118
47095867
45817539
74161861
596982
82034012
65995386
41825423
60322033
28920412
55850263
84916842
77628927
58835738
75213754
93027347
2390288
25108096
71325485
76615323
68117876
93638421
47038385
16292023
23818943
80353050
20833949
94875017
59749751
68765939
92782560
69736035
63661502
66248685
33405849
64370107
73852919
62904777
67608316
34474856
97978468
26424125
37157457
83671174
36399900
6341480
43074045
25442221
69537744
90023723
69160034
89747726
45772079
15008192
68712486
50966225
95482213
73700182
90355351
58597668
13981445
52432010
48114081
42967668
75540945
28396071
50202760
19048956
5163448
18981300
3940154
78591783
56104926
5290426
85149781
85930641
75199929
92043446
92239467
67864510
66120813
57827126
45677382
35994439
63347337
30702633
75179508
35763178
18762557
83194019
42914358
2419824
39774496
49359861
32764640
2978734
9538226
40041535
47937970
60305011
52226877
55353336
74636337
70952904
36896943
59402970
71440908
46389640
17142232
54397859
56773771
74971132
86692437
72597307
28094341
49171433
36854218
52039423
45773357
53984369
30776519
43537776
68658084
9957895
33418665
95091386
14708397
92786023
76157888
43530350
1995552
50532115
47014151
14795293
86933674
93475397
63433469
11607021
63381686
26391707
46055213
95867401
65804702
40858473
69500273
46655453
17554918
84064380
30428989
78351267
49353545
21287688
48007938
34680165
43318536
71683875
14620335
81436673
87101799
22406182
67915408
23612033
9589240
25905370
28737408
70385902
82374894
11485789
95719416
41976284
58204890
87657220
84083792
68858486
47914450
86779035
3244860
68758133
25145839
31541679
35591378
33966386
91443751
59566911
4943513
24256457
74564808
61944984
41504749
7854933
64736588
53070491
59194583
97737901
39745346
40627679
92414635
10285238
49658259
1143329
65806439
31380814
21590954
15404676
34941363
88240937
90373112
59792782
86640316
33368325
4982280
84988563
27238201
67309287
69547608
14959851
94721037
12416153
53803286
25838007
86727915
73458933
93305470
74284958
9439855
4426461
48652424
78210879
53809461
19688854
38381692
46106980
43032763
69649958
61245507
99989073
62942614
20666482
44493785
71699171
65478563
80150550
48934710
12392228
49644821
98209213
83750790
12742016
10659143
72250217
72870041
32237904
4366426
56800659
92584351
74297180
48119495
12468845
99543239
92349558
33871326
43653827
69220244
40274927
13892236
50385893
48335956
43533866
94206841
71429488
97236031
69014811
9076282
57261501
17124564
764511
25656181
35619420
99882999
63671597
69639635
86001082
75337018
89473684
49432713
22486377
344511
10120999
97069236
60609288
91579892
62163568
80440065
11246603
52476883
41577609
60791977
53414699
51429673
68671135
58553410
93703742
65741637
67302973
62853431
70319932
94785665
45679886
77098066
42753255
38501175
61973365
16312394
51035396
94278668
85086367
51023482
47307853
15555308
43436213
95111821
67466350
44294969
89337234
39915687
81503276
34349868
14385195
20777642
73211353
54011927
91649246
65254394
42474414
31358459
11404966
87667888
53939796
95958632
40378293
95536136
81742765
34553282
62862619
73246200
37118121
67843397
43184668
41335451
77340264
62465101
25638577
43307558
56610832
10973866
63357657
15034428
74923631
87112835
5977667
53560767
41405738
57068055
32551507
40888189
6519728
84760680
92390356
92363142
68893073
73660179
79339809
84082302
52266955
43800915
34083660
63674736
80021255
37648125
97950841
21008974
62488757
50277629
26124788
92722180
72662222
74125247
26499250
54143641
66437194
97466917
69492734
94227047
26316892
72970746
66621976
59251014
65945093
51163813
32147343
3782041
27160082
30607450
35875274
85380417
99774840
27918274
4256282
91219850
55007903
43555426
9100285
96870583
84390224
99432415
98970839
14039901
56412126
43369481
18457187
22843806
26734695
17435555
3825077
7091484
26991272
69709846
3735983
26001309
88132663
66340316
69319350
94272120
91045252
93214083
63668648
78507193
60834775
47025359
65548601
5077395
77298469
11569711
97431274
64937134
28554814
1814142
45159907
4328149
61515801
82310502
579397
32220581
21971499
60343785
79513171
58759689
5803332
46589888
2296897
62374736
86191806
11187554
52040759
67057352
4399335
43243658
54692456
79573387
85321835
45426341
89098775
50087601
64867254
22502656
7160830
96293912
74296837
99469560
15289919
53662043
19134527
27471149
40405422
93716102
78142777
59124623
67333574
89286868
21502747
32581750
49084230
41473822
19106522
65020705
71829277
12411600
31015379
75385230
21443578
56429550
32451237
8982806
64608672
69938888
16870661
5185064
46213082
31250627
83554330
42890105
19091100
38977151
35886438
66055470
72073194
53178950
81720950
35188696
10693016
56576098
98904861
43200614
43216223
98822460
95923652
62583616
55099299
81245376
81294215
63425590
7442123
1933483
44396776
48842059
33890487
37505539
59211823
81900168
18638703
83990762
342607
90523018
16984668
25917288
70356289
39912295
67512569
49567182
70712919
9070901
61880674
42042550
19199568
38719626
30862631
63793298
85729842
62327649
8102361
82884460
22085836
91601720
29452505
65662122
91102762
98704261
51530855
2577526
97169599
41999273
5579377
36567502
12783843
30703621
56130403
44951662
63702011
6918886
66674410
15530163
71671038
34442762
11990377
61045184
84681024
78619047
61042951
99529086
21691282
29213736
72346821
36883172
94053783
1722576
40965211
49149302
74296368
4190409
31958472
94149228
24213704
43741121
51086164
17485246
83942268
25881910
13678357
68041834
32593495
73894034
39103276
41953277
83528177
61802486
23440980
82637169
27172391
21071734
22419857
79543870
42346210
80277293
87698554
2096519
19675257
87182804
59844113
57922283
55879102
698493
97608226
47242437
65755626
65366244
5331928
37421004
76739753
30296675
53313072
2251049
99356595
81767524
79085616
10847879
77552475
14447157
56344727
82726185
68184851
2199017
49595964
52581428
81983225
32030996
81789633
48547498
28960979
5957556
14213924
35305123
4783585
11177443
27080687
10331306
53578341
74053027
34256361
26572977
41550581
39210915
73256537
62835666
31651135
34330645
45601775
18960712
52114715
56280503
9290637
5251439
47867260
51771027
94796766
31387492
21134931
29161514
44554023
26339767
30233875
84633447
90949358
75210334
92406559
31383729
15459449
793304
97119526
63190177
19852278
37333089
10565695
16326857
97190167
40264528
2820708
49473880
74320580
98503696
73487011
87318723
53527522
34144723
19902367
61529950
88512104
85026240
77517459
21782125
41254257
76494460
60813331
9903159
42972882
74332218
94730065
9369834
81188636
23981367
18814923
7285337
75915943
27075931
84034427
24459290
75078411
21934936
54297053
42605955
357001
22434033
69388178
81611490
91369860
61998174
60791989
83250571
7721223
59412627
28574869
12506562
37608784
5722987
12532419
69974473
25763835
61607849
48478432
49437468
87689113
32037639
2281621
7281972
59517136
77737485
67264977
84626813
94395524
93736747
86962786
85978804
89602219
40594244
46902599
91065641
17378695
76015783
95717838
61559054
29577584
94818762
91971019
45051783
45230903
89057878
45655441
64068747
68418425
97399154
62406239
74625750
63937130
53576287
75733166
77958353
50533330
39102706
15185820
31748823
80442020
46429877
15902406
64727452
8072430
10021780
83268115
89453903
36322025
94343287
60366723
53370359
51552257
68180042
39956746
2870719
33163956
71157180
59528043
78326196
53469260
37133373
17343383
34852722
37081856
41133241
5976686
55344683
78621093
13319144
92549482
75829205
34062524
88809808
6810862
63566031
99055726
15736403
70473496
78624426
68682075
61109411
8278007
20954472
46097664
85444289
3459470
6872456
95529502
69662815
27982510
89881828
3721891
46093005
91504679
39412338
11773824
2220355
24652725
53203893
39691291
89981377
94397838
35297179
59074577
17166634
41845881
12529508
43318988
42359212
5085989
73016774
96518129
43062013
16239004
61900918
97885657
74378148
67628246
28782404
10130150
83888544
67355620
80755416
18723991
39347421
73460731
37164398
99315853
7673870
39293447
43238081
28589371
39057019
54516434
31905101
64474064
14647492
94056392
76343156
45404808
32640666
78272824
85444034
5779144
99514289
83590597
9497310
16192669
4484304
89941321
46102006
58925825
88210063
59100924
90798979
60916375
97051472
88620565
31603346
21314875
87916396
78480893
53997125
59379559
66357475
58206732
75283703
45289573
45395242
25510419
22208469
96710716
73915342
24382423
34637639
78843902
25282435
45572205
79432138
43277971
33104694
66875763
75039603
47352831
67366383
25050347
94797216
19750764
97275818
4366245
7387708
29877040
90010907
45441338
49467718
67013249
38559011
9463517
24025844
93377585
47678466
40233596
65122850
69341214
86030472
79293335
57242670
97231399
11485271
10286066
63211104
78053526
33592372
16499292
21742259
66697425
39899903
86975609
1221118
11565520
13691420
87719263
95910809
72961532
27091117
91798313
18841167
77754654
78668997
62396511
61982319
56932639
83541477
59015256
24827356
67550248
80503967
24593065
6508877
65407593
45082060
89560778
44526843
10956432
24743868
78995251
48474383
12934654
5061087
70256498
46639008
15616266
81356807
1762317
44205681
43224098
43482587
11167881
70691613
3726059
71077870
11993280
74878615
530059
94081262
61871302
24485354
80789293
28585857
16687917
86587892
43476696
75579708
58687148
97972897
8137629
64857815
72330779
11931001
8857533
23574931
83119566
54807630
24032071
93206957
59037168
8447713
82368260
92824523
89797397
1308992
50125671
19488507
10245114
54962736
62121931
54482563
54426572
65158137
88070675
43852239
63967198
64581266
78448370
11981795
64402786
25672344
93399956
24632754
76327650
9705582
10520957
19270305
47017868
43775935
87294440
30174039
19237932
63553278
42800820
58316301
69747401
55755925
24901569
22304962
64861353
79678554
69497756
21460591
74700721
50394930
89723591
3793308
74299915
69971095
55367092
928259
34004988
13918886
184762
98609666
12254715
31031041
34812707
79432378
91896148
51015913
8886470
96028354
13913585
86193365
63320681
76617514
95789635
28723549
21391699
90428313
60767446
43417890
17905438
45532507
10145111
97076757
63115327
37340929
71089745
61180107
91897299
86896122
16518657
65743049
16473823
60221855
24593449
30701954
38136276
81821351
33534024
45635560
5552752
47903235
77065570
1416565
94361584
53414743
71073947
62992953
19247147
33104824
24167589
21607013
96641981
93182082
3060800
32964551
1281222
56655961
74219983
6866676
63022073
24835236
48760576
72263819
13109198
19342383
90354097
42300961
75795018
95689301
11949775
22134305
97974817
84578616
30181390
18475840
5999392
49804838
47978406
42760966
25339713
42911816
41748741
9453509
15571028
16044896
7971590
60757644
95490372
58354590
59891260
8673164
44280322
3557121
53719155
52422358
55705381
8925539
15677480
99169634
15620495
78022691
84735971
43222579
82358527
78699634
83111142
43131935
76981161
38073089
96574772
79577010
10711580
4640593
58751701
82812065
60697611
13623997
38886614
43131360
84025030
15616321
1550777
17459771
65206980
39936353
73835218
36731266
90466390
79719812
34684793
41662398
19864891
79708462
87208604
58980715
65785022
51182134
41815988
95256318
13296238
85944297
91088869
282836
33984205
12228667
21743928
36147453
69111129
83642694
95487393
13200913
17835845
66163968
37616704
25311143
48389608
65427511
86855565
75196912
6213871
81963589
48557914
19333801
44639589
34519057
8318003
5060752
29912885
11794215
71482588
52942558
8028653
73445556
39754691
5729678
6488444
54765625
359901
83101755
19026438
12299358
47443617
97117003
18230137
50147159
47054380
14595882
40483135
5505129
57278155
51035170
53313514
69517034
33651242
12960290
38607877
68481815
8340195
15923608
51829568
12090426
11901170
76231946
18196651
7467312
79204959
36224083
28324015
15401353
61164796
75676146
15992448
59262224
21594596
87353921
28926017
28827053
1028649
7909715
32693219
61832897
76974427
11499623
22255395
59066195
79083869
86956199
24846748
90955388
54070802
84698348
32152720
36810308
14459149
10812724
38052266
98623742
64625610
67746320
43024951
45218308
61591841
42241993
12751055
70963645
36112348
22967143
16233770
67931937
17026438
78360854
82882207
13982898
85943900
9330425
97216852
69749141
41311151
84759032
48164738
49125583
61298142
87416590
39881044
79353385
10149900
69350839
5368322
8208974
6697423
15814176
97089559
32320908
95538138
32253987
70112857
22019919
87495107
58622541
77272796
32042490
45377648
96828105
84836694
40272492
11968688
83047107
77414136
5274277
58417800
64166831
1958718
9808721
94999137
83891161
35235820
77590701
49712913
4779140
66506368
93902842
22087172
95953684
27574658
56116952
56426521
29198092
88656849
64459613
22988267
72806863
89845380
47560118
40333720
77523886
78266955
79190125
66833488
63141972
85568848
53628807
1258750
39145968
52284345
84095032
92703031
10361872
41091069
36509791
43259481
56595376
51517174
22636424
17941373
18397337
65609412
19035059
44592619
83007915
4154704
8346439
99676387
44990710
14301020
54086459
52396436
94822050
90914513
85994556
88736117
13750129
35587454
73377566
55800547
39132937
86398274
47992767
98839856
75137798
78752918
51722514
80106855
60105874
34460600
25600665
51633920
26344515
75043149
87759665
46774166
79667418
89112661
97404936
72818838
79372237
42300611
99194609
27724180
49024949
95866234
33810973
7194798
10256404
48589274
78928913
97692424
25930195
51873150
71445950
8948025
78802791
58369502
63455079
13282560
60995262
20896571
28892217
82615032
11695659
11725428
8429502
31499529
8033660
2704987
46624594
96699867
93317468
99793217
94106528
13396533
19550540
72109814
38863013
27638460
10058165
80542817
41229157
18019937
85426242
12221431
3692248
34174106
62239439
15196657
86343776
50295854
12474911
39424574
76462874
49445865
64660177
1894245
31688218
8479086
87792346
95600150
88149429
97789086
51650503
65226334
51199381
34893141
89877078
65540809
50885262
72808800
31843895
62995666
69025351
8510977
30581476
44266936
76642989
82944406
56585950
24000746
36452183
86875851
35321789
87192960
593246
64185761
35926229
72506814
67297518
43257520
56732024
46965391
74701181
41493362
38480381
99465657
35566157
82849645
88490008
56774458
19412836
73099533
89748147
63760882
29779528
48795627
21696026
30778902
85913210
16290730
13654956
14650092
66190908
95391671
27535995
45184832
12321177
13066663
66974324
88810663
86189107
80442154
47957580
84155582
45340982
23247642
99152383
40605219
2531275
84570049
26269350
76935624
22463298
78171201
39165300
63374771
11073219
98205348
20426421
42063616
5508253
45384687
85034176
2631381
59998141
40853095
60829592
8229690
13735780
39103924
38185624
2313678
80769444
84573224
23645662
32015167
42517305
7085602
63128048
78263665
30934947
38342107
83498243
71908167
18538790
86328453
98831936
61884783
64801061
39449336
61261526
97209613
32043922
40747933
88922548
53138339
23166504
59813558
74701862
10549411
2627298
87787659
75448160
13384283
8666088
91221785
85128796
75908209
80671171
82499315
61936460
2170943
2452800
52399713
26278980
42117534
74712431
39142064
84294767
12204239
40765157
27046691
36534594
13975553
44076012
11627875
59091173
83946814
69662658
4900988
61888121
95118369
81863691
30981436
77488062
15795253
52299355
61367922
67896471
6093511
16191910
53725560
40542581
73262122
76696182
48903300
72123288
94399495
22438951
59834636
71475293
89054498
79540066
83444178
15496810
65913971
14541262
16248627
5421380
48823184
27337982
20519861
80190451
84463947
42446814
50865468
71275121
11465563
8212173
59344890
96949800
62175933
1114867
40674955
64910671
51837958
37622178
86403635
99634726
13687870
43359620
70690112
72891575
8605664
92337647
18153234
17553266
42301800
95010724
46608775
25497365
81692075
34037795
18864769
63010777
98206098
40019982
97601356
65395942
13498203
74012923
69803163
70990055
82742713
23335824
6525800
85227068
41913155
16041837
4372620
94965380
65050739
58494761
57829070
29129
81687221
37315342
62422990
87040789
68578354
19306201
22710347
53114058
37195460
65968230
76958232
40353576
17753476
27743339
4715910
38310697
78970996
67981611
89550721
25735614
68552434
77166035
78448556
41053555
89315640
11535968
48718154
5233546
24425105
91640656
36698282
10751267
55270114
42787273
12130105
71468973
97194370
72538004
33323110
36063164
39642858
48093320
74625549
56997012
85521420
49581152
81198574
26494179
79657752
26520044
27385549
11597331
99585965
87954445
60319451
92369421
94040266
79168854
49688909
91961626
36331479
45256596
85145649
71342885
6830880
27241761
6386649
1307172
9992186
71955558
90409356
1783814
38731524
55458184
76653657
17821385
16520868
1706430
5592899
61924323
46633967
86963872
22280942
76864971
26655992
99953985
35184277
47583296
81999243
83055650
18047071
16008791
16752896
50220014
3158176
72346538
10440910
98876373
13169915
8603571
20402761
99664589
87915368
84222380
47259486
6399921
65642531
57269539
21247943
21461562
83212344
73778506
16058255
47840325
929368
73131135
3857628
29379631
29658349
25779978
61242668
91597954
58144965
11743022
22178481
76014518
85701867
