6476491
90399326
93496426
63146456
61697874
25367292
66097884
74463773
3673469
35104037
88437424
70506412
68897948
73420599
87355620
48794112
45925872
44069177
49391648
59608839
91715693
24287775
89132774
14506048
12441898
67641196
30087686
88711488
25623809
43331037
31801872
9939494
61379784
44471582
75538160
44610526
84397803
9680669
23465315
66975370
11411319
4381985
3839958
30695245
22179815
19451018
74391801
45146168
53142544
91667480
55849338
85740434
53603535
14806121
45192461
23334435
64003867
950837
66481879
33371250
25817437
32529739
90855700
32224181
4951607
29877623
57642411
41754855
81092476
4306613
34966078
18665899
375977
3274400
68167874
54340698
27712919
6816716
92362453
27486882
8378425
81609954
22073919
37759283
73871461
77890925
61842831
85120304
46444661
22345545
82385441
36403584
71418220
24475408
11335769
50948363
44970259
66639523
92206338
20168934
10370398
50154748
57362896
63346969
89031540
45182678
43255592
23363034
21607586
3365682
90206814
82656148
70449430
77694042
42757340
71825140
47576291
43685753
84699447
7563295
24098756
56811110
92622153
81913027
89291214
95687494
7508663
35859657
8088606
78494811
50363707
80648282
42684835
32734634
43225797
25930438
85006232
17791275
49332094
11878811
12948226
77887638
16994407
8881497
26314636
38839691
82996278
72517540
36713127
35816727
96737790
37564642
10658114
68625871
75982067
93674423
82368868
89505041
37538902
86430019
29416004
63858148
24174615
34315377
51223986
74910641
42593147
15255281
31619283
52042275
61745548
47562943
89282016
73810623
72318716
43521167
78876329
45334810
92090278
26462760
93913588
22702900
19368036
78770337
67013927
81080828
70715647
79869829
82242323
21053728
70380362
72255691
20807609
5419493
30095112
40665036
76328988
55250776
71176848
94259137
35770067
41495492
69303389
9860482
78120615
86149934
2657088
77254290
64237413
4956410
72714817
99121541
19047514
93589270
47097089
36645412
29006413
59189617
60023493
56945236
14563003
72711235
19450745
77067830
46701423
340572
89973468
64254469
32481691
19813659
79128737
72423892
38441358
17319747
65146288
84544900
22794069
33672491
48283301
95090373
41518803
58898365
41162362
40466121
82380354
71395951
2614923
61612289
75548252
86642429
37616077
90894053
38025915
6640975
24266687
55990203
84250517
76965563
60163674
86815864
97390193
47286420
36710176
14185918
77228634
59662443
81780210
61138347
40935788
83689527
76540400
59233186
32167523
5964897
21856291
76440581
50407171
54000503
77177407
41597705
3074936
20969739
52159074
41145263
66326869
24690600
68844823
40968634
82468308
47405558
80506080
11516743
19101204
28686336
14054798
20002980
6001668
590890
13899400
66192211
33215547
94379427
32413546
35705219
52474116
54648609
17443868
34063248
13554211
20230721
54936395
37511895
99807249
86354648
31820139
8598590
54750945
52737340
1700321
39399953
9679293
36844529
37275351
42099352
70627990
96480533
72083167
63315117
38563709
14875552
69676223
12664312
26923076
38278311
90471645
3251186
45843113
60885175
13945356
9162510
60029882
84380776
54978308
19128044
65284152
75819488
69159536
22185681
27709701
4078044
29167686
20331420
33431936
35151556
87222532
5976315
48650859
44379016
47208597
96362998
98785829
19922851
27415196
32245775
70961481
14974675
52694327
45066220
86293099
91333316
93173911
8814583
25693815
81572315
99637125
20297108
40508176
67129090
97853760
52713082
67411888
96641474
28603248
49093807
25216317
64351883
97350374
83403871
44603742
26053493
60185000
21822553
48123282
32211496
30616098
48338967
91508617
75970872
75915004
42372793
76852536
28437151
42410955
73826031
10734203
11099867
68123828
63325482
59642826
53988076
65545759
99854749
51947003
9783144
65322558
71293367
47591614
2180151
54759655
13165892
33882987
50145642
49478602
31663350
33293720
53597503
75828130
92758517
49504332
94446192
82138063
31263877
25643583
17174949
14106174
97551368
67323193
9339986
51747893
37741459
62187730
66385748
96598875
53200788
82671736
8446450
10329540
59476253
12965629
71522146
94360734
2884202
63032770
45027775
93454942
60566742
49472095
6078491
32216557
48781946
16344496
97196453
67878999
21117068
7894179
64697485
12310288
38331304
46722554
14992600
53761902
86935820
64419683
37906783
26989407
80819989
69264553
28510170
37674285
26409844
84154956
773511
46634779
59252500
30404050
81941507
26691720
76548922
25976645
41692095
16360048
69749761
14093157
29742782
77409636
94629821
81430686
78496512
98734340
26717222
16017822
92843285
15135826
26194819
87710046
83587624
30487532
67118635
3542963
84817297
89141251
74000381
36377585
13093676
17378786
67080868
84096384
9028349
9533989
70438134
47688136
60283542
32965826
85694508
33118141
58855215
99734197
18371876
33842747
47192140
66532330
74235598
14896495
16131233
20905257
18821199
27198665
23202367
52829112
61099156
6343802
4333779
73976843
68910087
14653380
57768108
11564412
19202217
36720367
79701783
28793528
26348905
57676618
26201169
36028532
66818898
14500855
50576706
42245392
81094372
96331269
85291176
97650242
98624509
43109721
24156781
85875759
75641933
97516394
35893794
15647158
21320788
9393717
27410331
91590388
2028312
15879531
4621913
75858571
41233031
93788022
81904122
6440695
34635133
53717213
2162305
97829301
71649997
15104922
46715561
45210870
95731928
12174553
92421218
17197336
25895185
43346122
82014973
75679575
38632693
96617717
58516638
16755981
36765732
63997397
2977668
87682039
15952068
93294521
4251175
43476003
78097481
47996797
57835997
25421234
58344575
76488419
76150429
24682657
15327994
39402053
64697409
94118292
97994549
55357283
83235502
22503040
17175558
12113511
87561673
8844155
54472545
10431214
92842197
72527588
26941015
47630530
35042798
41183366
84140144
45684596
39413727
9975844
50838045
620283
60838593
12403641
4550628
8173783
67227079
84924469
48063102
76085281
84589217
46393128
28442939
82877397
33384644
57691257
71655463
21310371
70134014
15513762
40198687
90499132
42621537
87740789
10256739
67749313
7838941
63711921
3142570
90036481
64634762
22585886
27929475
73143519
18799551
69709711
45209460
14783449
22214609
95788561
80524541
43355171
96948135
6528526
92287359
41245336
52502653
25831871
27301341
56585210
947906
19951183
34918094
88215440
92966242
63609657
11467296
18652579
36652470
77899275
2624760
9675818
85739166
42298781
93303317
48976000
96574119
3593408
40982921
97088565
4159031
81062718
5252632
83361445
78507817
10002478
69489554
60697042
88518396
84214181
11794215
14429855
31798701
16290535
27855778
22013349
82897803
30506902
63528975
90976334
46349501
86001249
79351572
39807443
30836253
3781850
63056853
2476171
12207458
22361601
34449844
54235308
21178234
64837318
18271840
49557892
14856513
67973484
56797932
1466043
66580913
60141120
99690360
72280121
99650104
32286211
7592167
53099474
12374141
79688939
50674754
41462152
50038281
58026949
91458006
35298630
45271643
20245276
52302305
38292982
50998264
82195065
11362907
4620080
50953055
31766395
50637008
94674538
54947122
42035601
68207361
4661282
27083385
69405874
70283963
65339533
79064711
68754812
39355382
85056347
25425887
58183977
10515869
20554695
71786097
67848805
70690259
58097976
65220077
37306127
36324706
54094664
48878754
52350420
96379122
50536250
50900938
1261784
67975014
43900466
92802076
14108316
54916543
77992519
49564019
79262212
88457339
93501812
3175741
48117414
89888592
69409809
11115844
74351627
80431003
9778113
6335928
87762837
7239553
55686921
76289923
25402012
5960114
83863464
27981552
93619128
22683985
87481745
48488126
78705442
97536600
96157787
23003912
57718806
42773066
79179957
64596157
14515387
84863990
61852922
43310040
76549463
2070700
17823693
79492732
24704262
53763863
72108673
36704000
26068806
12942376
63823093
90633561
98226102
26281248
43687059
35662858
17966193
12429704
89855978
14435248
90096482
19141182
10381039
65063960
74362359
86379778
71107233
68059103
34997321
86289688
95788018
33047427
77166165
5388386
55416
7720644
30973181
42535303
95563022
84343904
62869191
68960448
57353872
70190163
52543295
52304370
25592294
44360578
22559351
40302823
14459467
93987702
6548107
5486545
91819174
25726948
1411736
87068635
87897891
53059558
15176271
56255268
74436635
41959141
7865275
84635718
15382964
54643142
28410668
21608689
50029127
47715557
1954226
84790288
25958596
79088391
7542538
5027886
85203579
86369469
45371387
74064117
55719717
93021000
64789930
21243249
51170743
30081548
210936
75872204
90423184
30106484
59871332
83065652
78310846
92001875
33194964
28544275
76609135
89170884
59539828
34251785
97512522
52649468
59024033
60876205
48640814
32214143
34774193
40574661
62156436
25079817
37688578
1477121
61086626
12852459
66590386
60021163
43774261
57493854
48389830
87565849
55189853
11758507
16006733
27161934
10615720
88785520
86911244
26788226
8231626
30762680
5378983
9822329
96466226
89801013
80613544
54303858
87996986
16625289
75752493
10085027
44621028
53932540
58337129
16149892
1564651
15902950
21633306
60384442
51446310
65833801
61897547
82437631
21850730
16626090
68388924
97552518
4916232
30833884
38174489
29022283
63153845
1007720
31200069
2837927
96133938
98743128
41451545
97004311
88367316
84578859
38731641
83144398
46530941
81721094
98728092
98992781
17374735
32250485
7688916
41197059
87235199
28033595
50112216
22528949
88645170
79627368
47604419
90585455
50772931
36915661
2161809
90645727
73495001
56170662
82867176
33300982
12330656
88480694
91235384
7710637
50896947
90061755
71893298
40526779
25280371
60383010
94299341
37403427
95515100
41841071
85629946
93846747
99566898
37914274
95707972
43177945
9906719
83824638
5535628
30738446
73975283
50827518
99675430
4916191
51522761
35001112
96015740
1274600
8567417
32499915
71806094
20104926
10670855
71181108
66109655
7811099
96565754
2203815
58566323
45739188
50184290
52538620
23509120
78854611
36085756
51723064
47873418
24215468
91109826
87721782
33971015
29901017
52513147
87417109
8070031
3937275
55315502
58977857
87016673
51131166
65077860
29970891
72503114
41478831
92433806
15124529
35883405
77724491
73117376
70024710
30236348
19486835
93964738
9768148
63639265
67507844
45126165
98144660
6963432
98110113
71083722
80001312
93054791
50525633
78292033
42603028
90642605
41121944
12347381
37852113
98158087
67450003
89474072
61583099
25644793
94550775
42733535
92419801
11278719
19997809
84491091
22044075
69025922
21533132
51704101
71475752
34243791
11538624
46375048
59858168
15570162
7449575
73349917
81382690
158001
92726190
35615253
28526715
12949188
59362243
94289547
6545757
87015680
28085572
33593546
91768651
71872500
54938849
17838000
99987422
92861752
70893504
27912834
71285994
79413907
40922542
13172501
80489945
13107545
97718136
7206409
17020682
92685685
16045855
91993050
3295510
9715136
72917698
96275092
62491409
84062451
33378350
58726676
2775473
57775943
80661458
44840385
58689153
33822135
71678349
52609127
63261550
74545566
92542323
1287504
35919412
92824429
46910822
8202371
26345255
96078142
45298955
18147551
957585
94551108
30625700
14949681
98206969
51723838
15789132
30611451
43152594
37399130
32611986
23903305
65919392
16268016
90922699
29407485
36019887
86386279
43009806
24761826
17950676
42697535
92519183
99249058
18448590
40162570
89618137
16170884
35619061
55815495
58161615
86609260
39968028
94812720
21536667
20473719
1152885
3014186
9664497
17350550
41090922
26284902
97895614
76681111
1676273
48806349
21529097
15656204
94074504
96023648
5497862
71931042
23785018
60604241
25576236
34792494
64212657
10269198
36428745
22221732
79069626
28609145
32405241
89812891
28425925
4519408
51202359
39170694
68426092
40938987
41604380
16981041
6894338
68397927
12374076
31031308
72443998
52016608
19120783
39520779
77678291
8755174
43262509
71008368
78756976
92236966
24356573
18693653
62776750
45312455
97299117
45429242
45348089
66978493
34751475
43694301
3746959
40051996
55061835
25691948
61906289
59556587
90846151
29908633
87674659
47866681
70841162
43779276
7468456
56881691
67054109
996007
44502420
24245243
53155028
93726304
80255390
93691566
19614541
8006752
88079270
75868677
85094243
99479172
86339354
52309836
76130838
83975702
92378835
45260905
83258219
42171424
94206728
89636578
71205235
48313656
79393340
31826246
84907679
57693683
72320144
29281467
50451667
25465834
84093556
53057044
8992441
14249379
45472439
16165708
78981821
50519400
34731220
39108052
20948983
46831250
73740920
64910290
20466581
60889967
63634944
48173631
86693886
98408241
64890004
22905543
8520386
19830907
33651170
44906071
95440451
41680013
72807098
61021977
71670015
34309117
86777409
84152975
38939132
56034604
83367946
22207709
26835894
66435955
87836347
16470293
72949491
54810240
68460114
28360915
14073468
47298041
23637462
87945069
33957914
14117157
57686617
83641824
4396541
83615415
90270531
45909046
46486844
34791571
52703665
51787544
10055237
61222741
58031480
85914644
24908177
45505854
75447785
12785450
69308618
20288789
7268982
38687573
26173632
26065976
59065904
78577327
92059285
94574709
64217954
82556285
48474481
57679148
39621233
80188983
98760150
41185729
52016170
87229913
29042039
97921778
700268
95192169
31486544
66549857
93523031
27539641
22458275
99414753
93896275
68665696
31619083
9904303
34017017
93959156
18652065
89182272
54292602
78876505
32015803
23961328
78802017
65110110
90068058
50962221
52798502
60151888
63231245
48193650
37961767
87118520
67353166
28878719
28280881
32817502
45108078
82502591
47365744
30786606
30795540
49670835
79668458
1618562
9686772
55974140
2664557
12273807
16013810
45771178
70718025
56040930
56973712
48929186
37802666
97411789
82246166
80398997
91271507
5263933
25719050
55450758
34988671
68596720
79087004
87897427
49575547
37402056
78774478
9243759
72768809
77845178
94080531
18923882
5032138
62102175
36600995
98302055
62521724
14492446
42074351
70671255
64535096
30003967
92189766
91897350
50120581
91536846
68354226
48158785
93105072
77112342
37381047
79072601
3967886
89440683
73362683
91840829
13510205
5950855
78930898
6774362
84530253
10653330
50485895
16487836
30124408
29061088
27829406
69446212
18751429
3704846
38861732
53239203
34953847
66807339
48963961
32943057
65415031
9463690
57973485
12154813
11419119
44657558
81773800
55538528
62326382
11847164
90943527
82309921
58418306
31134820
37628567
81268473
54066387
94550519
15927244
62500481
57770789
55907083
54430808
58101618
44390970
58640389
50210676
273125
6024422
52621655
43855194
84726249
12103710
66004958
81627660
69637821
42906097
29968470
54589506
89956911
83446396
19791421
55823991
14765496
51860795
65727765
81689415
132822
68823098
18704252
24454861
83044880
43823106
6560338
22054671
97826830
79398037
93399264
6593011
18987286
81271791
93538213
82475519
25331538
54121650
96325294
54310112
58419810
21576151
40987574
6495072
92800565
91000354
85022801
5476035
93154490
43403233
40667220
14889884
35115550
90792006
17804291
41759116
53166724
72225945
16466253
11695906
78669689
72557188
1806640
16159996
6104538
26149180
20368524
2531279
90331421
11959659
74631216
47767621
23602420
77808647
73298310
51290666
5860820
66590355
97799304
85136067
4434015
74157443
84774269
73536014
30556791
38853418
60807007
55559179
47747338
72282117
42719632
60867274
40211135
33895466
29238864
57183194
32038406
65654978
84582926
65518874
21731635
35625906
14781958
54197366
96559384
91091811
43561381
9007546
88298958
18612280
98460340
335745
8113320
39909843
89444142
42308232
89036124
72681717
31302905
45309483
24181010
86588131
75848967
57598281
64145445
69286154
68717761
90066084
2956846
37765113
59077194
74675206
36616128
52328711
96343473
77308822
348295
38499891
71112251
48197362
48287848
14595942
81533036
78487752
90735620
43444387
77930815
88437251
53079880
86974435
38469096
11922360
99182082
73529481
46592481
68217686
63399482
35061180
25527053
80405487
91593096
70232594
71835026
94177252
87771334
82692412
32588759
49312128
77422873
95786802
67437962
38536931
47205542
85465384
35465958
8511916
17949144
66534625
34111534
66563994
82222096
53042862
45669930
33159462
65199245
26733640
39162263
4677808
89520114
79079106
83102756
30277281
45278090
79767125
53824427
22804951
23730232
59303641
20568972
75619452
8271287
53215562
99925522
17903304
85678622
93428838
51554593
24430534
41834591
56149094
88385984
71429224
7306799
68631885
43517851
39053020
70018279
29474285
56578085
76107906
10166233
72037213
29545964
72049966
47312644
41118488
32498116
65364273
95852470
38536932
89480270
64630424
68336618
96168130
60148201
85770591
18349384
19179962
49857529
34696607
85199861
87519829
44981181
95610267
7010865
5623109
36075202
69962069
97817243
82796143
96804904
16588591
24496855
99117266
17765411
69238817
6357896
84218320
40794583
43788258
82906977
65753497
22413194
5652343
23567392
98133756
3267035
6026489
52265619
45706505
94423691
7025888
22372819
15705737
34538615
42231234
28371797
40678843
37335786
80827118
66993843
56689886
13459536
64247800
65525958
91341921
90682385
47663517
45656670
15236328
77971587
61164345
95103654
95702521
25842025
574620
69785488
25323746
33090554
73743324
33952344
19064039
8808919
62539460
25098093
29635603
1479825
90916585
70549689
93294624
77365603
34892576
68162337
91681186
54722944
50100509
55164345
99517980
91603242
96247986
68903805
41248541
47381864
74230153
60321785
28602760
9245396
87392922
37245789
57920309
21722413
77785571
9232083
85821614
96965130
39935052
80345504
66502497
68969917
90358910
69559995
31380650
66630446
50982186
60108584
79251048
81510603
91018506
37459990
31658448
39906453
86003252
83951933
39725473
12386416
68672529
58402318
77782246
29714895
65140471
59173888
94779107
40971705
77273631
57316410
33301228
44876001
74771972
79382774
27037813
57171999
50472898
32816813
58222915
36756647
54054445
10889718
64291947
55998553
38746480
26217538
95440851
37928895
35248890
77118087
72382276
88554415
87882923
85256561
61235274
40947157
43790199
72238212
89314553
36101890
26966985
67125465
56366023
688777
47781666
89357913
45341837
71453616
16191743
50079011
34084507
41027129
40451963
47550826
60303491
23401693
70248479
64456760
71029774
77286360
51352123
53602581
41358436
45834271
87484467
80178363
38264268
82288702
47453678
58987522
41341451
42556083
18176530
48018551
60170785
43003859
6798026
11303532
90972461
45121176
47758120
52378656
8974304
80910848
57820523
85681408
9884618
3971950
83214876
76859519
9079226
59209367
72896818
69277661
21339451
51689799
95772191
90980097
98906922
83839120
77739910
27844174
4529642
78421992
36753481
79057857
71157337
65324513
12417331
71388822
80483488
45980116
73411317
65219457
36276797
92562451
68867321
50088611
95425619
86518873
39568204
83308822
6457015
98097930
41493873
60679121
59487005
15661865
89279062
38682225
30111759
58883184
70783552
60413906
58298745
12608824
11508859
29832182
88852724
75046426
75379026
25386259
43482153
2422946
312499
8985572
44043518
46940770
49615134
16616587
10212487
18154410
99284755
73455437
88122372
27700229
26301236
52980941
91381724
56555072
48074487
61677335
98980638
48283960
64733422
27778868
45510004
30986705
14264823
2547621
23505891
45730192
34967554
58584628
38348736
95048508
12415080
36254130
27142742
1957762
25969097
85107840
34423746
38108039
65283877
72867421
10940506
47400549
30891627
43833723
35620536
41598109
60598992
46318681
42320602
30214870
50509779
43973301
50400924
91579515
65648318
56940427
76704678
39789680
22023802
74822238
40500451
65071005
24738035
71024648
62452121
41705634
40755174
54144762
27230914
23195527
40656414
69213945
81592885
86397018
76612253
6546937
90109113
81514477
97961778
98000009
92360458
15891815
80569766
18361212
508910
51671281
19870306
47986984
13806981
45224911
23143489
6464545
62454194
89461805
71511004
48814396
7063286
56856792
17990642
51224447
93259341
21878162
24182397
77697705
65647200
62316485
30089030
48634190
9660178
65998136
29256375
54870634
25408620
64381638
17379837
36426059
32601274
98305433
79175342
78715359
90982300
50079619
9280725
93653095
37090783
35729280
8609656
95617528
63291608
78308791
86530345
56312413
14545373
19844817
29799851
52136091
63742897
84718232
79113368
46693437
70105953
29703643
87647710
43980582
96392950
78677655
60455174
81776105
33748866
8814952
4242120
57182266
97090837
18488994
78414263
10778828
84451360
86813261
2877948
88476793
38094938
81874009
834307
93796111
57533554
21280848
43193295
86532481
96399112
26626099
4603156
69263424
12660767
95009771
50981428
97690685
78820116
43324160
86456689
95198698
94472369
92613172
24062576
34378736
19415318
93481636
63384655
50460477
60415686
35540764
82895256
97220376
7613072
69460876
60900105
31298405
63209119
64789682
53951761
74116798
40030307
47076326
71137922
96493367
44225397
62689592
11311669
71083214
62307781
70498040
14498404
40004002
10315198
95071613
36754435
58043988
87813042
99065060
77724772
69552663
14768229
91640944
42377521
48803526
74719045
50807991
2456569
15603047
741076
30550050
11486500
69922956
32754203
91081447
63088857
26543460
28202501
40268290
17115895
81936724
624952
87600513
17977355
91141468
62845198
84944886
39594633
9680903
91078091
79586919
53365591
62443341
20184458
50694339
80233334
3108363
74417167
43706415
18539546
94146224
68415886
67336782
13792037
38064485
52967007
40595876
10689965
50912604
56484347
51510916
4784335
82629081
5819735
67699619
6781873
1738381
45372683
9053111
79647699
15232849
92353504
14706695
50805494
24692858
30028053
95321967
46308092
44956121
55165314
94771716
44144551
69562108
44357392
12921565
25535338
70991284
44591338
42313882
82564374
19432682
72408380
48371758
21384838
50950920
76274582
40491213
76153949
64625538
61599955
8294594
77687450
462893
18816637
44470639
98257868
57943214
65389893
18816142
11291372
7502352
9820360
99517221
84475613
58180507
23755023
29029875
85899277
37986896
61943015
97380429
95808002
22029407
245156
57853485
54044229
52235615
8638680
39467492
10884199
52097086
28602698
85625962
73873317
20561009
53645682
58291334
63792980
81652545
7539347
94092464
31675514
73427360
23103348
95505185
92532948
73527295
52564955
28689463
93587377
27723589
34416713
18262951
33294089
59329626
70527417
2553432
28089014
58356184
79721631
20283311
38513691
38138725
47067368
54649108
55927417
86674570
71653329
72647511
41061217
52516883
8400460
54617413
7190315
48280844
36226719
15346361
22366564
53866133
61338881
3190320
60980718
85063474
4565084
90657486
13160479
87077467
3777214
91164551
45386292
19800083
75141334
89340852
10035977
44148870
59541151
1031013
1489687
13664622
70755539
30838235
13429816
35458724
77792702
47055620
1448827
58516089
99713424
75299748
12960493
52566410
40907272
96271069
63878231
51435902
64587238
80239143
8500295
42974428
77155374
54315380
9297036
51452674
94839700
65904865
83656709
26949215
90217001
93677750
51267779
71072299
33679631
74223367
17706283
63001873
10558804
6138683
69626409
29249009
25175901
33707029
76762148
50407085
917672
30035705
2409335
73025698
70397681
95349698
95987378
8002224
41516794
50164037
51134109
22623283
50210622
8558375
37653414
59899307
43151113
77555687
82818139
11443848
99691092
35967866
34149274
66496676
5393725
87446377
90025726
43806733
57242763
20141282
43311452
38086074
3814841
97000939
50850377
48818524
73140012
48655550
11222806
92554727
84731476
53626645
75049992
66928039
46518602
36403250
31707262
54209898
40390403
44615994
79090279
81861343
21982843
59125771
2856039
70239442
18833893
8505627
93002487
25850553
86598187
31454096
47415998
84289077
30326126
82220335
50553702
25403236
43655880
83999207
60974955
54954844
46073258
40763540
86104707
63306899
3918636
82735679
74792773
38782959
65511793
56561931
47585315
25343106
64195813
47185848
95675441
95015132
95851213
37471585
57691646
59021291
24136237
72962310
3937413
17473251
32443290
69653474
99344258
39820530
24566040
21571310
73726134
91768579
97759518
26403529
17978645
3283658
3849851
51888170
32755399
36432261
6971167
41572772
32209732
69413046
61553630
64806528
822635
38440154
96360761
58260924
22736333
99402183
55227615
2712664
1639618
61547952
22144779
86726603
93216272
31589070
61138642
46524980
55859734
3451484
60986987
52286460
96226706
78002593
71364120
98012834
44608850
5140750
71789668
41728175
50066974
9255414
1346619
53726362
35656027
77738727
5199412
85259264
37080681
8030455
27541993
68420281
44880214
26249585
19064985
27419087
31492012
9881300
20615549
57173173
14824104
588060
52681501
82917552
93677082
14243122
1401299
27245217
60912157
54234829
98144969
92576289
34114684
26927935
94707875
6976723
78260623
40492689
22247706
62090571
74096852
59927282
79462010
38439273
32046404
34688124
52158728
47552754
51279417
72780378
14638039
57373322
13331450
88624385
13074792
67308606
29389608
84127427
45017637
64937253
13299248
58926512
70671081
76132689
11501261
7311683
54040174
45778439
60640252
23437717
95703437
35399100
36114618
2258071
86477721
20566572
30179611
44381581
23009922
56827904
27294958
60828807
36130762
63737180
42411880
94337920
20862279
58114881
14911855
66229894
21658370
83505886
89536687
74760222
72122926
62600827
92640131
21129383
17977344
27990721
73434565
80617020
799270
78163750
718028
55367462
68572371
85790116
53693882
95968465
99216924
84433733
14819424
88451530
17447589
25930992
24289728
82394296
18352123
35135800
86701424
89159276
76864198
52467448
62406097
88491970
93160521
89321565
61082012
751779
95146482
48534404
16212271
653238
63410814
81976775
63259006
20042272
65439804
56025022
61821168
84055752
69885302
31774773
66035567
97000791
66950345
34318916
17652848
89622113
3088115
13602395
32376816
30150928
84345518
76506213
24121778
6170146
91315797
69437921
21516820
84893350
60239558
41165970
311506
45794170
64287049
22716068
89582700
80670346
54148736
45487623
51944019
74457938
60576463
63007271
53248487
12755955
11507686
38309518
84802261
43474489
60721190
33919706
13899245
64986048
5940287
35409329
68151457
30934509
4459166
80842184
57180274
52062828
68274421
3488322
115036
64977509
35678594
30132630
54104409
36309855
45362111
64359276
93675822
15732164
65745817
2443025
89791856
38161008
64776732
55015270
75723566
40169103
99941523
98772465
22589593
44308955
16681622
56739590
12242975
75396840
93370333
52668385
30125452
46776798
91942035
5798547
43956947
8570299
20501703
40261074
21112833
23404744
65289892
79276638
4781657
37399117
95693047
9133391
8509576
83523118
23165083
92717657
43478841
81600627
23472924
73791389
9351142
89439330
76202703
4563617
83957327
91704652
65170670
40141244
41584888
98770438
1790697
51826004
84908829
56019696
5372067
82243652
74371679
83079663
18119160
10762916
99240809
87690441
2536197
33725512
76923134
72176121
43126392
48947053
14200975
22884728
6659071
56863485
1437298
3805577
88362115
62738363
20667090
28917336
37650892
36457935
17251287
43298236
9673315
7311509
97155322
16574674
45639174
91371612
46964455
7954836
31179919
19240617
57019282
98232969
15969985
96390059
22610150
69738704
70477567
3465258
82066127
21376993
12126102
26510161
56899216
95295504
65747096
26486930
16502411
80376154
10665475
75195874
8254827
51505170
14416372
79313267
49752013
5618425
417972
74503503
11525898
79660830
13309467
83948217
33854071
60351666
6655578
79161805
46189891
84191267
70439280
10052831
10792527
6964940
47066758
45974938
46905880
14269116
6813657
17869625
43472974
84189063
55201041
11744263
80722777
37294695
55316476
57172138
31876770
70087274
65090892
70771555
66236820
19267626
41913335
65223939
74612009
19019378
47552371
54562071
50284383
4265990
19285988
56980506
87097484
53828327
27803469
17610071
26744151
77611679
51499296
92389296
13216699
37235452
66472419
10419699
19137731
50197180
60780373
64044186
11170000
84712918
65438193
84655408
17709249
73512007
22837596
73098735
43235383
52991654
19808864
25928342
65119355
43939475
53448993
28423695
14694124
49755196
52835402
24834674
46201716
95692511
66567422
72067863
50544542
69227588
9994165
56689978
23074959
15507608
13798476
18979014
53892335
95985539
91861572
91876886
68615591
46660067
5750136
11972968
60723247
24765713
90677313
9846281
36956487
7607921
37681381
73254026
43530152
92045637
89491042
68202791
35526693
21240543
87661575
69791618
53744233
37901112
56024688
88806659
92561283
88100305
31895692
74172174
5509745
97412
42083126
81828638
57810202
43965797
54712006
48070153
98459732
89558447
78872095
72219282
96020743
10621317
41593797
73191246
43586961
19256524
63393911
50842805
5124877
97227442
87503311
77014510
89068534
6382279
80191424
79692933
50841572
95590818
87827196
50321391
95510573
76862212
14258361
19772193
16609395
10299857
22250768
95614507
84161000
98176253
94259694
95188274
20793881
63299439
72501485
88767124
39770928
95435554
52895873
50416119
92691265
43315438
95497735
88817891
78667024
99352323
81393233
79666925
20650109
14298893
2382069
76117675
11105917
72492177
30987813
76877702
29006050
76757900
66003944
20866299
34663389
28203427
70671630
72518332
77255222
37519141
61380265
13659502
87402501
72819403
15409106
90701669
4333210
77227690
59386075
40103355
91831155
4664498
56681224
40006372
28114856
85756113
14233569
58912768
63359473
808340
47348274
73588933
6848403
60528515
27805318
42388936
86146135
22213654
10888638
66501589
84785116
43177716
48639924
83639219
70155947
29659953
22427165
48726013
8197811
47661234
59712286
28395902
43123067
54082886
35534633
24722868
48742916
75424811
31659072
30464015
44688392
59099283
26387573
18067030
56579567
24370475
98319271
74884180
51481363
56889395
90445578
92602667
17917092
2687704
69158696
83244312
77771859
45841786
12597614
61496809
89742334
59182576
17573309
62643987
99533476
97530008
30533245
87175881
31558791
63684480
59847878
70459266
13615389
16437767
78673258
6056448
35964682
22428111
16334427
81936172
9380775
53888775
86727658
66757050
72640334
48731017
60278810
39940550
29356516
36705558
95087808
11113187
68101296
70127797
65437174
90017759
56213018
29347160
37442504
47919786
63093496
51088559
94471197
45871423
6684856
88711039
51425518
43097731
12472945
48989716
176065
55811246
46085670
65579800
19167749
56065508
53963552
87666737
8125800
56886776
75510282
41684477
3706983
65600196
81967674
97926197
83674734
73819664
26139507
66939926
92475381
19973146
96938116
58954119
58570942
33842947
66886447
48501762
49410723
98463686
54770273
88210976
35891337
22635185
19994870
36029746
97773695
11070304
69730075
14419986
4434189
81141476
80685362
82362026
81972505
19662415
49623888
65660392
27315590
56467459
86988960
51383403
79393790
50287133
79380483
44281466
82814620
5308629
17275379
50309000
39318548
56661641
16525089
78589304
43423828
18442318
29984691
32553477
66776092
77902621
10992117
29066721
43155231
87938566
80852541
15893554
85426350
56574359
93073659
63371488
38787136
91028080
86967770
43321990
44872944
99361660
70780101
64455122
19952779
40359593
84088783
15298092
28246007
8890953
81354688
96230811
21798668
88432804
23915595
65648316
78911161
26416327
93241858
50636583
26438993
711561
26599381
23283363
22431572
2677828
93024772
41400196
19058154
14835776
74320803
55417982
40337636
59982205
85339342
29804240
50297127
50147434
22625699
53669767
34596989
99932262
89154406
37245363
21393217
43679127
11834566
25932642
23174199
57261082
48328842
8411016
51360498
81404747
18906477
36096002
26625276
7728457
7740069
22914926
276370
73630621
95036267
94548970
22149527
10686268
2654987
69148808
71320003
87303778
17577627
1409922
95695117
83535288
26899582
53542458
67776280
59244390
48154452
87970245
81804555
33388376
16364680
79807717
21596275
8294243
57847946
47935232
85410220
85811943
14392230
48039582
46064543
95031069
83267380
23871756
88199945
6564436
71728717
33369232
78599521
48961733
68681881
63676219
83416756
17165425
99124529
32881885
61122340
73614004
25347381
24989364
65920988
86744915
59539469
94278893
834556
53764106
72313172
19639937
10210364
22091343
49047465
94596180
46141876
44994509
32092710
77905860
73271923
2638329
61470028
74331594
24270562
45105288
28728923
51526102
75120257
26200127
24935162
23867062
79241052
65493316
39808044
59542239
33148978
82916421
42607198
80915246
39277114
25250072
90142014
87355193
76736864
6677261
77950335
57454416
50359854
86960428
36624504
36371051
73598405
56209020
30391288
52961712
40127564
25037944
22394349
58641142
56406233
30119942
122250
98624021
67145009
17971034
74174673
45578673
1019775
90741080
47184884
80615902
26773482
92499342
66210255
15038052
27729167
76303167
7212272
72068187
31043569
40856135
18070697
15304502
21411516
17751589
84628540
42848383
20691471
54185483
34127659
50001155
77665567
25196253
3627317
51015789
25994974
95053692
75930785
8897559
36960374
6551149
84744030
7000105
63027003
85623620
37988183
32740690
57692108
70041281
85797096
14273990
86805144
53740519
242137
45067232
38633763
29406229
83573012
50983525
60116105
27418420
69747133
40545580
20978920
88426118
33044089
76021044
90936708
97762884
32012418
17870510
8108973
11638409
75910289
30019929
96233731
73048423
42242587
85291507
34167989
81820745
5265636
86743560
73536350
58709582
86664302
97280359
89260517
30049241
38705575
6902250
52374616
61434000
71847991
40038751
16072812
28467902
42438400
85459132
89341484
8940369
444125
60795996
47297547
82975877
49379170
44459536
44524342
29893494
69466181
60010755
37909832
25640818
76733285
26856620
81391203
1127603
87030978
6102361
6070278
4304717
19005983
65735175
63943103
76110875
30561787
3118143
61112252
48828562
62648244
13903053
64767918
55405301
29337098
6681854
47147813
80706334
70474432
43108023
5453362
51938453
2104509
22496572
62993642
89435795
27457739
38587094
37203955
76632634
88832780
9165041
31841755
49354790
41944560
74301434
7660362
70462451
4389782
80233326
16725468
21061735
92237293
55461352
70905583
94426033
71862469
29549368
72377468
67891612
39748768
36206462
61317303
5279145
41775570
10095395
27261843
55631741
87894221
10887681
66337597
66439903
17277268
46892040
13070565
51312962
52940147
92884202
1264955
11491883
99586389
95623675
39451376
24112922
88900718
66175160
5275474
6907867
54747711
14255569
25017386
19980848
16485001
75720019
13962366
21333109
11234892
49385611
782441
93875117
12186025
55643665
10112123
65690457
10072461
18594589
55894578
31527468
54590762
30526483
91678122
76480277
32564553
85166509
4684929
39633825
43238840
77261154
99995054
54317761
36900605
36282760
42378089
20070771
39411626
19265200
81921269
24786358
72156466
8691266
51998278
23778906
2009876
83146161
46915038
99671780
59055386
9572525
16927889
25732232
88749606
62451005
6052488
88862274
66896393
57005392
89624623
1968647
18653464
2290515
12532213
36932367
8027898
36253949
32359757
81549988
18621357
47116198
23352666
65717405
14022560
88373844
85914466
22224378
53276313
58731374
75686486
32115668
77107665
83306028
95282515
97395379
51559488
78950660
3743353
9485745
56505295
86504896
90549567
52055517
13805917
43063847
18873208
27421225
94224119
2321585
68156283
43446818
30022353
99722546
88237419
91977013
62517669
4531750
10454443
74007325
73271377
56954689
82316577
71469070
79612296
96940936
85247953
56167887
83612682
33199289
45909484
81828544
84442759
40201216
40880206
43032453
24931014
41936311
6805655
10590995
51468146
25973925
99324765
84051625
98143629
67397764
80174058
26300776
20310567
89390558
40691939
75760163
8069948
64013369
90875960
28352822
71847325
78836866
69068638
9365582
10173858
92704269
89492468
89572573
27658198
95771393
56202797
75915769
33200678
5536568
83400944
97879433
86211312
84319215
5514051
17311808
47922753
5713419
69685203
63749710
19374813
13772751
44182178
98913981
69593638
19664155
27941601
86176527
65559567
36669665
16896979
65058445
19408093
42201816
34271948
43131829
11511735
79442060
59280667
46454770
53020831
34118579
70589803
96598090
5066004
64256190
5547416
84992331
95211452
12016570
43986203
93033566
66954328
17878543
9869061
26668112
33170577
44509050
51053058
86509326
84324971
49209065
87850571
98564976
32375297
13623950
66550268
8910690
36584614
57765953
10312166
90927473
36934004
53737675
54892033
98512703
82859659
70078700
36423235
8676773
75966667
16979767
78454500
62467532
73355610
48039385
91629235
29485849
81885759
55023324
99861914
87677010
33257696
94785950
44013333
83070858
43841449
34768913
3976810
59320995
60010555
95240501
55591
68627431
9423384
7040968
65658376
22127591
77217241
32412907
28500280
67192613
58184680
69039999
11271146
9965001
92335523
18520805
56179689
62652044
10112390
13496774
14402103
7020808
94022884
19764314
93197734
95567259
81530137
78831158
27863505
60605863
40651072
56992704
26052979
64208821
45261314
70683613
22160053
91697254
51252438
33202234
40192809
8733468
44258567
16413319
51958734
4554469
12733258
29336822
95279952
26711651
63851819
82482287
47773457
51455689
18110447
921834
50537912
10215702
10978816
11626666
6998286
82605228
51746686
76768368
19666088
90626357
26353224
48198587
78001878
75130596
32530561
75861212
85950977
61464863
58974241
24537923
4321557
46707327
94089444
74389502
93112543
76399855
87720036
77040861
35095967
57647562
24291094
7568225
3900792
89075659
65645130
14793806
23989976
51899899
74980778
16752325
74633485
95878740
35929647
91467702
72941260
99407862
5251182
37759147
25195374
77526533
90966331
6107121
52647827
63176075
77574954
65429677
60739115
79830581
65273927
93592408
77756517
85808027
29905315
40263541
61870053
4965752
91848036
56867606
45188907
68754770
16219011
11698807
63337198
55389703
60963331
14126360
32950550
75154283
57546332
31324234
21273350
74581043
83435978
97445739
19054977
14413752
3403425
97996048
41456579
34806111
19769913
17760035
82855642
51514538
95693011
8342669
25025712
23317266
24401714
34220103
94003085
76346660
57471080
44473431
79667912
88296804
74713707
68940030
29581277
34869457
46036669
67261976
58062259
36929855
88490425
81267979
99749444
55573491
90286429
69956712
2375980
52843802
56983522
18533172
98328570
44552717
76729496
77372002
53080096
62169489
69327563
22672112
84190480
6704693
46135241
25209642
67706852
3806658
18977781
41950046
72141909
1645513
34453936
25349017
35137227
92893229
68730563
9532121
36617146
49011441
1525436
81867004
94212465
36761836
60763046
60944214
64586348
96773868
46401875
99791917
17800918
89555783
85751159
64603787
18700971
20740361
96787551
68172523
53880562
4654657
37803890
16005779
53115699
12250318
48757857
53660573
61568314
49299382
20188442
14686518
24918336
65634995
55755907
77601716
84208375
58099418
15118715
86930044
79564867
74235466
7212427
25950076
56972597
5824669
75737582
20107137
11185596
34597823
71836955
54796447
60805952
71415969
25551961
32449596
68979291
98372727
28449357
7565065
99175966
76002012
80471645
40906760
47322507
6316579
86301350
9977770
15336281
95570815
70266538
94329069
79817059
73453051
23070147
85297419
28824123
49604912
7307181
28044
85633800
31719022
87201707
31051513
24973788
70071315
81822928
36620371
87045860
98191796
11218743
37327897
91972740
10559519
12616640
86161584
69091211
52789430
24790381
29233105
38738016
50046292
96792519
47344947
77437432
10063191
29979168
24940485
53741236
83383182
71386038
54845324
71094120
1690630
48482241
5316905
78053666
44147768
37168778
6967213
29268643
71117556
62914815
1657373
34244793
69700095
51995503
69702190
80298634
73976797
52300752
2944604
7482986
33726242
41653972
40436374
28729075
13979286
31176251
69615164
80674711
9553889
51880044
2083707
42703572
74002503
18986422
16940882
22025032
6554442
20481196
84206150
59093445
99617230
93268674
48886833
30306984
91735433
44113004
43244801
66692381
80512289
37348941
20544545
39415547
96895288
18190610
40883886
37030352
85540537
50419134
90651752
45614324
66684603
14406622
50209300
52225652
94326232
76223708
83167180
72494832
65216378
34878665
39036707
75487802
19971555
97162385
47957261
77531548
81454233
40736437
35047541
50123688
76850276
65215752
8535398
64697692
10888398
61324374
74381167
39913924
38296128
59922315
97489410
50524443
64527100
44163651
21729463
86656406
19017637
35245814
12810654
77703268
76732058
32147533
20139098
78045083
26879556
7128799
73147041
31689936
1453226
76138228
85490043
26017095
81578823
16205090
31848246
39874847
98125159
22036739
65132759
59092666
86030134
46651318
21611276
75364494
13440129
47930727
66818364
73852621
8421512
45463448
44414051
56823710
78633844
85425512
59147203
44015105
36457513
88804707
50375446
34269034
91607216
31863323
339301
64870624
19635134
72513143
84996949
37995918
57555004
23928056
7806600
81060788
81488029
85616627
54465328
62765267
67344099
34975141
47157882
73205960
813422
30196887
92330586
63525520
39649963
22531921
5239692
18624346
5880463
3758672
91110431
15242007
40638773
89147781
59809767
38188306
19960543
78362139
22078103
97917817
16524015
44459798
41195425
50211087
51275972
94347092
64622867
54812478
55347129
97325707
20494041
62030191
18291122
40303834
17489197
83486228
5866852
21858352
84758508
10454580
60850009
34250601
76719314
31928246
6113910
23094539
12981083
14267613
18890685
49447927
85695740
6641654
43121837
26842906
69738290
23867054
66934025
42979654
47156759
52511166
45974563
51567377
97428984
64781108
95803491
85257873
68902196
20972985
11478195
81571389
63024571
66517728
70076302
69051569
32151391
43380150
81789992
70745760
46000484
78148309
93499695
94049715
12435291
7980017
94671716
98342690
83326826
52947758
53322189
31959809
9130926
74913226
50058252
28711007
97571483
75874870
27209842
13974163
57891907
15600552
167090
18850280
12055886
81400595
48894481
83196052
14133384
92706284
35194944
77364447
42573657
79131251
68482870
95520047
63860529
13121285
24753144
44164328
45182625
117744
60485413
37931578
74083578
76813849
20017988
76034910
8355642
54933802
47639821
9977855
44893468
7702241
20349812
20482195
82001319
81117913
83261699
2618683
13732060
49476189
4029885
40704026
61997363
88421601
97273824
25703244
5504388
11432264
88243704
99536266
27900616
40554017
34947541
58872320
99773335
59108619
63710958
76687218
87721613
8289380
26752426
20774841
5980088
89490159
65043207
83231732
57229375
7353971
69090802
62918192
28012306
34695455
45425887
54118610
98685165
12784031
37470184
37549946
53172897
95969308
95415696
72263049
71261699
20387425
28911800
2267981
72356175
3758131
99778168
19610133
4387140
93550486
49603071
83573441
50318492
29463400
76738424
48885525
39370724
61029058
15510266
66651858
37068698
60414988
88235585
83723184
33986331
85056011
34563037
99838102
69292265
23586121
66701045
59658807
85724577
40024130
30073951
66220140
87187648
38865058
43747062
75611817
80091485
46007052
18641671
4741531
54196602
52095407
96002243
99953238
17033945
94474745
45606107
67268831
82142705
49801508
63239499
41344697
80827417
77939519
43328293
32313916
79713088
31106168
84434196
47216844
50421366
46053101
49521727
86486066
41087055
2363654
3803214
56325428
96864281
4075383
40780441
45669328
37834144
34124110
64360899
96911118
30680602
59524222
55374194
95855657
78449461
18386190
93918370
13980799
24789208
70104495
30615821
63769224
90962048
42195022
96656369
61473487
6835570
74965742
92148713
24803559
32996284
32161523
12862911
14282297
25944481
16167522
47701195
39372039
45230621
29000324
98600387
94581970
18314219
76057632
27218532
62361615
84355725
4298921
71496705
79715198
85653945
26783833
99543807
3735006
74564220
26027809
92235387
93148368
16274925
30100131
31862860
41031051
84794983
37337254
90367913
12823352
59551814
47950719
16120471
5121037
39840457
89531833
34099546
39894000
45667468
32529653
95394066
58998225
2075999
26827088
31881271
17504222
13862609
9094508
9797360
755065
14812676
11644575
40909360
29398554
92422305
13224723
68216188
68083394
25632089
45337856
48252570
15876806
40896804
52753306
97442563
32438627
32048470
32455731
37719257
31813390
53569534
60523679
5559360
62170224
80936016
94783363
9363627
18372889
23963343
27375532
1175193
63198286
16976940
30304170
86223224
38332149
93441103
71940821
35415794
6317970
25056903
27993677
63026873
25426436
30382145
94770967
48235346
52196521
52112162
58600993
35467133
7010204
73395330
88874218
5485171
44814012
31137404
86787953
12288278
4446768
62298390
24587391
12639729
12025694
95528157
68912937
70388340
75176444
26277641
91083902
9718597
47335640
70187387
40200002
1746991
6498775
17659308
29318290
94455427
97016475
67510097
1567143
88055768
47769429
6881304
55614989
46519380
31936831
95206383
33430432
46535859
98065195
26777258
14800144
91122807
60292049
91524567
32721119
28769766
63680565
5648831
13607194
14209919
49446932
17843445
83571210
41498094
45373894
17122692
30011708
48341626
61378463
73449416
38057137
93500472
89663729
4710845
87009776
70178213
33589104
73911363
43451594
85717330
73986145
49243162
84850077
79892609
9650729
94104922
9420627
99807649
64079958
33617790
65179075
39868389
92552986
19357990
91974581
76447283
87831115
64364936
14800641
53840393
89427841
19004373
40942154
34610460
49270993
59974305
93061648
16414935
39347668
99149355
82526286
49603184
84920486
21058731
87196258
44127416
93614438
90688343
17515526
60084684
69795933
51266660
36674449
91677058
23585743
48946099
46328958
24396385
46521783
14909902
59730328
10437669
17195296
98044427
67142757
42861580
1439225
89808159
87220982
71491852
89723365
52237313
48783619
18489766
47066758
10106172
80709293
63220959
54921600
75382431
69510770
75426228
51020378
10659978
58068196
16681868
93856667
31999139
85336472
86680488
51268609
93245320
59014687
47676068
40991877
46739191
22560673
76700340
26312647
93102699
39327612
97229006
21658739
8694198
27926285
79740231
11650879
47239257
29194529
14225465
17506446
23624664
50831411
25788198
94642330
23256577
39903544
13095187
56033023
91316742
91605233
6920335
11735034
65689575
31425495
91849305
65872860
88391775
18730241
21299562
2663466
14065757
45450511
23402611
70786787
17030718
38799460
25315848
65613403
32623452
87128374
10052632
51149559
35402449
93725740
25171822
5166221
82318477
81308832
58612031
67936371
30243294
83019688
36721285
23480411
19856854
98229183
10296244
2614048
62426681
23983616
18617371
58086649
79937487
31963131
96392842
47340501
17994556
20225974
45419509
56818864
35992509
69680755
24691090
84605514
75000913
73302497
75756832
79335053
28126115
54937761
17731050
42662625
15507692
84961321
16922186
64404581
7332346
41858501
27523681
42660988
30652450
74116066
37806195
10897120
94526965
71523246
2903334
2475107
63968946
76480593
95615125
25673615
37185829
35178061
27340615
51171422
65581877
30676538
62096392
24486990
8185557
51290219
75139466
5664795
12622139
23418138
12910858
56800739
13090411
99758345
31138450
30286825
81568000
3493933
43197191
8554721
91507476
42709082
31663960
54449867
25180512
3438721
44944823
56499788
91993860
38277536
73459280
10684649
72408499
65145172
71534175
94241673
43702030
81990522
45921677
26719263
34330530
93404424
42310312
54315806
40385967
33066832
80302291
63976456
40149589
17595386
19349969
74719458
67020163
28311705
42826584
94776785
17872147
44860056
17767475
9915388
44587105
30752065
69013650
21571541
48462016
43177147
5585950
38850918
18873175
65144053
36247600
77945309
47927143
73958437
95432442
74767131
2178158
2699298
1338188
95914514
30261735
65601651
44345838
84582631
77257968
82214804
19858194
9823769
545416
75667935
21390968
89704137
71021455
30137799
82114413
79275462
29785914
57591569
34641036
81680768
15591748
25713682
5270139
88730308
97833936
56176879
93690548
12942865
94153673
86552713
36599657
35399479
45525340
2139557
30418061
74616198
32556423
56311663
23656877
76679821
26415390
1595593
35273485
2512350
53717040
60495585
41339138
9932889
93002995
43180176
92404660
3050342
76420368
65854670
21063427
3411157
69535154
20322850
45241392
99627531
16188513
34449338
56808933
21636935
9511675
26508323
26128769
85987260
47278450
4555490
69987961
87070961
32433330
62546381
69411734
32569373
94188796
39689803
25644909
9707648
87428036
19819176
64419386
93216378
79330970
91262432
55273119
3026559
74642896
17904692
50394573
73308182
96729821
62833038
10954557
5091828
75564375
38787811
22851658
17342251
53298834
30634559
50873472
13666021
51599815
90058477
98264164
94049231
90079189
49774519
44092866
10509908
47542021
51204468
99350441
44478036
543294
70384878
64148439
98186030
24517264
13767531
50397502
95439684
20329574
54169630
2285122
57978885
47369137
25753941
48815897
40704577
81830913
22738453
40290596
78412306
45272967
98396036
21682536
752938
20101130
2534531
73331837
3269567
98821474
54863317
37156572
31664596
77155989
44121307
25209580
1456757
75372046
68072019
70804398
17920281
38157853
95092260
88204438
44693906
84014944
62915331
47609538
86385862
26713757
31214019
22794304
18584632
88658617
27322990
22877301
27809721
13403075
48725804
68430237
47742351
34366544
52646503
44739696
77749828
50174141
74019048
64677129
67695265
46005760
30854612
84850063
28296341
37177149
75583204
82045965
38848852
88848182
81720165
38455962
23867002
30411030
11635889
920819
22599864
15926774
22124455
64392173
15897531
19678397
75584775
4981612
41533086
13069705
45046398
1298288
57471068
82284242
54905224
12905451
58753032
11187604
19107077
57544751
43281409
63930738
7728812
30855129
14226808
11308899
63585751
36098400
92896075
38533361
69329226
1557088
35594297
7307118
31585253
59312191
85975600
97693056
13396300
29489098
80089998
73462155
47194221
68146257
24086597
50000678
71838898
78880443
7265492
46978455
51575438
14303714
46193969
87039827
65833108
69137196
34722488
49810876
50836016
65033242
43392475
40001776
33281574
28199585
52894641
3824650
74766292
85682639
42821892
75414881
80500953
10848459
79350967
79898183
65241033
96262428
36165708
84440665
19111307
97619438
64738939
40235006
23889073
23589370
81567364
5882324
49982001
69822337
83166731
56570626
45623754
31143163
8566676
39873203
7764259
49958108
27998134
65790286
38340864
48461962
63722205
44451658
6869632
73129505
60020560
26434861
57941361
65391025
28234854
59513626
43653376
40641622
54713403
28892924
78460073
14401032
44750181
84563053
23772635
86926824
64969816
95185187
22583529
26010888
33812371
65070705
15218124
51259673
50566544
23526170
95430386
83373124
13913481
18228038
52718894
41514113
45888925
21107608
94033592
61780916
21190412
95871368
40514550
25553918
58534481
14088792
34689341
4251150
56068023
49445518
78630185
59143291
89251282
28537770
50359948
88403463
74461227
90570791
46669972
13024666
57813981
13474742
26156071
36563930
10940015
98664507
34547021
84779146
48373252
31903954
58963696
86724912
95716746
44606777
76619273
2059316
17422546
67182702
3861985
13570567
53537112
1175592
46559783
85521281
8562387
24592752
25342320
36407065
52164947
15981912
886084
30570642
98105120
11701392
31528626
79839294
13732924
49543193
79243783
96625995
75078648
23996918
4577308
8516812
41983848
61902115
15334882
52144097
21657220
67535907
46230410
50183609
35174254
249120
28770747
27217766
55236036
54634931
80320690
86757207
5593469
20973118
64225974
15174781
99551615
26148748
13539243
14141350
60724534
42894891
88451128
25843864
20690157
99291299
95227888
47051492
78898182
87262991
48537728
83680717
80895973
74197045
86723335
89037140
79954830
73164077
52693758
60877841
50007794
4168592
78029163
76232589
7441523
72573727
33826718
34559854
98253394
83462171
88124777
69013084
40263852
46352224
6177795
2310769
31869022
88803634
39295843
52763124
85716907
23177245
36148656
16045819
40360089
99796381
92296830
15058504
64302122
40491968
87370591
486124
13925203
12927621
74417128
11004671
30424282
29903470
20964711
64697230
11106699
73802169
99628924
47580430
56961616
13256051
98130494
5888989
54915958
8285506
62856536
73618818
33941829
86068025
86505100
67327385
37401346
7454738
58206670
38284337
97749056
912164
81719214
26199780
69013024
28074396
62345777
59951093
59884242
81964233
54946503
89470427
40725858
72679333
60770894
50400653
30280719
80376778
31686477
97854809
79474498
98231608
63135534
89600749
3826047
58082767
41574423
88663753
66086816
44777872
66368203
77537144
69259753
78780052
42255544
16274250
73611316
48942966
11574703
98503324
79005893
844243
94042572
25661814
23442801
13938737
57090618
48375959
71221245
18560662
29432497
31450854
80096311
27679358
83829244
85416990
83146948
86488552
97133543
71678523
2854161
75490673
86199134
89933203
1465069
93296864
26887858
94789452
63937098
45866435
89475967
3262887
13438281
9648139
26090834
18762825
93014248
93671502
84648413
3188779
84485313
3451008
73221629
10296962
75315661
87869064
65558021
53639646
2656012
43509745
36228160
51228450
40974897
49896242
79339170
19058378
61608079
34981878
37851221
29965689
73552467
78253007
57105526
97396972
1735549
21291508
90821689
72094695
50125474
49096768
80426576
58658271
96005568
34326036
13747163
37635594
12604984
14699963
73618287
40624087
94692829
59771420
78890219
11360203
55551667
76244424
53390348
14679972
50605590
17497868
66802920
67489940
95929111
29786191
61263169
50308505
51169881
88507454
27492167
22478611
80293204
89941891
43651603
68363942
46381687
4433966
88293284
84074541
31013634
47039756
95007822
68535673
71840531
40171705
18621939
28732300
84778796
97215709
8673771
58330627
76719349
17768919
76546810
2093326
87197934
45821212
90595144
38463153
68556310
65316912
72482174
97512708
59724788
55151731
82148146
33928475
27536818
8452217
41429822
48492470
15099728
27666541
46644495
36106276
1721067
80612104
53662721
53913025
89306816
70207015
36870534
30340547
42313246
85621680
73445606
69527816
37957160
55716132
18314765
38229658
39719591
94210222
33429703
82632777
85924397
57645107
41714952
67486831
44808240
95835984
12092845
78136362
6875676
89819541
71152819
80693383
88018977
99661301
57920522
85612794
95587869
77653791
18509513
16506620
78074066
73798920
37290735
92489033
32220316
7529903
23899080
64136671
76434216
45315400
78743352
36459206
46948150
57691256
12514170
84916282
29544406
80160293
9874422
23677707
69682687
96459999
95457150
85420966
94368011
56597907
47502908
84604117
71738662
10365306
27228289
51828567
3872161
98373271
90946082
94669701
44607819
13964450
96577483
40702050
69427969
79038001
71492345
30182343
69604155
37518201
84141467
28472216
56892711
19329373
79868962
17036516
14321665
2359528
42026126
83722612
11708781
74193287
90336537
4093581
55475438
36349060
50614466
46466703
8291835
71505163
27745386
24063376
76234227
81238398
76745625
23988260
96705337
50527182
22929665
18477761
92807608
43520869
60277581
86764319
61722568
27027320
51157259
75089266
35203984
10119599
83289631
62481004
65204782
32622128
14873505
14429537
79431388
37453458
66463687
9326065
14449783
89199546
69921774
15174567
10800265
8962856
42543132
81882812
40676502
43927581
75515216
91917855
78830786
15468199
51143639
86032863
89328815
41304536
76947430
81649514
24886939
14495362
20329151
74462379
98970839
1709242
78541457
11001020
96705867
80965640
96008516
68475955
5946289
3593300
16954998
6140563
88908681
55140030
21484328
66107073
62284956
52412696
34349216
32180545
6715719
36669198
54684009
81384218
83160276
7015829
83497346
71178930
32149083
15404175
42573127
67908850
1794621
94452202
16934643
22535650
78823007
38721985
13418083
52562896
63340098
90418398
49917326
13824815
99665499
88539528
42727740
89771000
84448725
8043532
66439305
71446068
19728616
6763516
1294798
95220092
82218657
17580899
64542615
64110667
94380228
37024706
91399527
54954497
51155550
76462665
66265250
62949755
80440895
39483043
53883042
15392548
71655881
31619074
98299809
52844296
76838126
85896789
76912115
10441607
63237592
32521982
50616618
22263160
76573051
42026668
41161677
96149119
78745506
87768186
50799425
43389976
83992780
7762580
26047761
77366928
37975454
25822097
48938610
87671912
12938543
49794112
39589485
34804045
43947769
88815923
22310565
85490269
84180142
49670686
23440746
64218620
53089507
68238284
97647211
59862991
35263305
31849116
14558046
81521890
78660602
90876188
52562269
27820087
82371238
1452558
37082088
2589643
21665384
89726462
86010863
60975659
5731902
81232634
56518380
19681476
99091752
8769164
61584904
37407638
91334998
73643955
77098823
36064708
1009657
1407478
29092624
7498177
76030487
14871224
90637351
46233599
64052164
82265696
54350201
46252078
61802177
91022740
15720919
15463084
25862328
78512437
3708266
96830640
12821103
39208472
74861337
59534186
86715720
20621527
21966888
63380511
92375756
23989184
70325702
51989602
40972259
76562550
91156460
66564053
40775132
54835742
10323477
54921603
10326365
4892186
15446602
19473208
91001453
26416194
385248
23787052
93857500
33453001
94354544
75751482
26458614
28212039
83999494
51587599
95101909
6073533
90289031
71468605
12372694
70605624
56850101
60270816
48516949
62451021
4537646
31872181
69433355
62608503
8878133
70674106
17187307
37580555
4520225
71024795
84055381
49069881
21595249
92797573
93089367
6039692
78068145
2233513
61755803
3084911
57082264
12273956
32186771
6254889
80711580
50155392
58508348
7086294
22199004
18977761
30445325
68232052
80872305
49968798
1107994
14563063
69035192
9577959
96733730
38357845
4803962
358741
93763895
80433673
53218070
2053519
44566067
1996487
62542663
81130575
45666954
19743726
81949267
63951142
63181459
55827540
7511184
41810610
8876388
89619195
94223267
5005086
77710808
14653194
60407527
71996650
84817047
80562931
73373973
60749405
28351256
99623803
24839379
65013838
42994926
85337055
49039539
96198773
60119124
3180672
61484053
21242594
6704220
80088540
68362625
50268296
37928431
24701855
99935437
44447031
32481713
31709264
99784167
86065154
65905669
73096814
95465166
98495065
51432913
65531623
8174229
4370725
54050045
72207174
45787589
50189037
90686757
30038088
61997360
36829222
49803444
66000594
51112940
29636314
59504952
34412307
74934555
1012435
40475311
29535866
31450514
98829668
87892204
19093208
81649947
89150746
93093311
50047135
78482092
85517544
46926188
7332327
9907231
74268419
62869876
64450476
9394472
43582767
15874159
47810631
27046500
93052539
8793711
8009350
65251448
31734097
2413842
50080628
40170789
36504265
63458540
53810951
50800029
91169869
63524558
89396828
16868548
78326329
30737068
87619465
69320720
11129112
35006673
14168462
8894291
52879128
94511931
12009641
25689384
93931321
23474010
14657556
13276130
65854369
47977569
4953834
17042907
66056798
87482306
44559889
39205121
15257960
47944866
88637547
97602113
94180593
81368892
58072394
22062367
19806637
49702405
88270501
23445466
84222621
3897681
5025755
29530682
49047671
36042714
55379975
81154755
26165522
28214163
29074989
10929779
11928276
18323300
12422639
81730316
99020803
71915647
97116099
49975602
63458314
79764580
26425679
84806490
87825817
17013082
35709376
34230576
58188554
39542774
81744913
24115153
45894379
13764461
14357230
28696783
6706676
36650343
67603115
49056382
40425889
33868713
40072357
88337885
4059172
11684271
72962943
9507055
58903776
51825052
31013273
84816536
53031315
44904773
14412570
78081516
85959899
36143931
32010192
91467242
24475298
84161029
42106560
90874881
84872053
56997483
70901472
7578561
6918753
10092653
50281334
99450655
64806755
71215618
49808960
30916829
69379685
30092528
12517015
33853613
13644280
49866265
74107858
49788035
76539866
10011282
6341504
50467959
58029025
53660477
83868138
12507937
21921754
82640826
29400247
77551744
67555071
6075180
53338791
37002093
11306710
29721872
97832443
24713271
3669501
37862369
29296340
84034280
41020777
11269402
43000169
63470900
79817697
1266672
93750671
49868860
30413422
95484360
94133568
90021649
45426493
20210382
62991993
43112192
56415984
63310390
81802140
26775213
70334425
58213221
58905528
79800263
420229
58074457
54396900
58136990
6646217
23558204
31366349
79052893
37273830
4541054
70254939
10404598
529638
29120035
92746192
96714853
85736349
23901771
56811246
92704740
79463845
19102695
40570313
11440882
83213629
41485948
67384297
1642889
50066361
14931824
83146368
35986202
20244811
85688499
1383330
64498551
3044384
34042283
20795012
36196700
14316150
47043068
95395840
93539575
99604939
21220137
7776011
89528543
79128537
46070177
38157602
57923416
15080452
22328964
30371297
51353778
85684018
91057776
16252903
39397501
23054352
23303181
75628866
31679561
55990136
82680985
83511660
15601813
72888312
96230053
66532438
35408587
18331002
33628791
62261011
17868713
65973923
7651671
15840126
21473405
80972232
14993907
32853341
94579812
18790111
82750636
21088171
68390474
11199104
7370656
10526688
4528681
20048075
11916038
99972976
18854954
45107814
80903205
42959866
18409965
21084343
60214238
76524535
32766517
46104566
19488158
85274103
21859430
99735203
2291131
70153875
7262686
17160321
75776892
63269449
76189433
89179493
85053915
8904302
17516031
51475359
55377374
34084516
98532163
3434284
71933264
55032229
96166262
90924611
62479109
51272080
7768974
93570906
36099779
88962753
52465020
38464500
15503938
54289665
4516293
87514555
62140507
90472070
14601118
93239667
20557727
78201386
41387556
29168520
90119129
86976013
86985809
47211997
11406137
94524859
68845761
38666600
57680978
62237103
20457126
36346170
95098448
40613811
84371049
59311561
76535470
30060260
65603785
68763357
48819726
27041608
25593112
18405451
46589661
92660342
70433772
6082159
49145240
80347908
80183854
83962226
50640535
45856511
76263981
53173017
56405079
12679522
11997649
11954392
24086959
71782813
12835832
75609053
79329843
71338183
31829302
99477754
57151224
35497532
18388647
29580461
84659771
61469134
6232759
14339081
81513821
17073400
80981953
15370885
71144982
88965677
825106
2724688
6994799
83208323
8338477
87185295
91567586
47384294
45012282
20004493
60466558
84781241
57044574
2607096
68730064
25816166
78676595
33076396
21819194
66365982
94925683
45425046
89926453
14908912
33593084
7772194
47207718
86347741
36638013
75623991
21338055
51603431
58522688
73062948
32441866
45826286
97641602
69477576
11783393
54342564
32923082
57010677
47185856
98510820
64054466
88293553
74783433
98612856
52791236
62799175
39596219
74184539
96415028
66938045
48204459
10895513
66827639
73565878
75653592
76415924
51309525
21510560
47763496
11920794
51642407
59249800
90810252
64247250
30444437
92799667
60568284
33541760
29705338
54099989
34648251
80862913
68244766
99042038
43547657
5297047
61825036
30976557
83865274
76935283
43489662
73819463
9204349
35318621
44018852
70900753
12527331
26250271
8564791
55946131
15648839
20649165
52256236
24177899
78848050
75613461
63531901
56257975
11608009
42245391
55988359
67092982
82211284
70506578
442841
80321851
28464008
49368958
39387175
5888161
58957962
14790105
39933668
72255317
52978160
43367005
64199113
74118378
42937927
92324405
62412455
80942920
41741003
32364868
70509914
13181732
47396809
75834161
51512197
46221936
14604884
96515644
14865601
39710100
73294648
50207147
77903650
3367446
90840505
55721076
43528288
63099728
33821094
38705089
90067778
95512210
13319648
20749968
48553150
79578100
43186291
66932672
1632107
85709817
90490856
16214959
4448333
58713348
37087307
72062864
85784420
95496107
90744300
1778552
32363242
65992515
40318072
78434721
55442058
41995761
71684893
80018423
16620744
35715163
46226800
26794296
78990755
74736222
74382225
55188635
92564168
32830751
62555829
83044580
95773247
11913964
15888837
86900550
31469255
33410094
30437205
22163397
39207385
44680285
27429525
95307832
27276007
88952805
91322021
98131910
53706055
36043129
14343163
41901849
98933598
98620695
25629931
27031317
51279475
2676133
65078590
66826947
54979370
18522127
68686152
28882443
29831240
88312758
80302600
98889014
71853622
46404844
78205604
89705979
67459553
22424060
68553882
14849021
28499102
37988906
67578581
5083569
99194344
45814348
69174919
62167987
40385521
98231577
25589494
33713207
14348797
66622030
61485657
86585584
14799303
89963966
94973985
19180094
82941259
6709270
16267450
86983606
99249652
60298015
1903299
15628561
11192087
86947726
23234282
60345451
91014011
1862763
78026171
9502245
81849600
90547602
90112490
61939699
2158491
92747866
83181570
36778410
95423982
54361066
78326312
28122282
31249803
10046918
70277389
20540244
349957
66722556
42734110
95604114
83597118
30355161
29344316
18074226
56574890
69459952
75385987
66992484
99593434
85420206
30383653
97324239
20032154
23268146
56447009
28553159
73461265
35000658
77360179
2587442
19066924
82294053
27984276
85313883
36488668
65074038
59802683
7354637
34139960
61488682
79753219
78993132
38791440
5943336
51373870
70718976
73564975
21698348
5006314
36942247
97080744
74469880
34146525
73848387
72210025
6663826
52188048
97711705
68082729
92727369
56551068
75328006
74022351
32100029
58244254
51527613
39367731
35131782
255265
35532824
71928753
1274325
25278566
43217941
89259365
11535241
7307781
613133
52043971
69917103
31713357
66564816
86509562
55142157
99572649
16948271
3526951
32155572
77473100
58592730
72606795
40942715
92939133
5009134
82977820
92817996
91957743
94171603
54869001
40998600
79146548
10102000
69179880
5228693
88769910
37955152
98181905
18721
78790275
58073733
44273403
81797497
31544289
96668370
66669743
57962354
45219789
62441561
26517383
75934543
41687260
28787142
2505922
6285569
62841681
27434365
18431244
62356078
8192970
54320771
23965607
1037510
9893622
40959400
76281058
72706040
99340647
58210893
18630194
52394969
42964367
41764899
91431608
8225797
27540123
68964841
20060548
40859418
88173943
37261328
13272743
77873442
32052942
20263409
6409694
47720047
25302541
58087710
92928271
1641742
79603097
29284876
26811838
80999908
75372561
44363538
87516995
66259134
4697787
39182408
48622795
27938926
10710122
73444923
46638447
22966966
8399044
42038938
36555219
40522795
58096691
1592568
82866303
43124614
75854975
40265170
66781372
94513195
67217279
64934718
85819874
90702968
90757012
83323535
60451499
22096017
93385544
49251024
87319472
74163233
51078013
94862572
49696096
86885549
55644939
40718680
53139116
24551365
56384679
49111358
59632696
60400008
32605797
66113753
30294767
63566772
87654182
32081452
58700317
87412548
33810961
42545284
15593474
79882459
44358456
72271268
56029085
54890445
42980578
75535188
2077484
22439767
61312896
44289153
36395876
39000260
90477306
96669528
41592197
29077114
19396603
76018777
6996897
84524744
65112683
95078230
65384915
96523475
877779
24237486
41974089
24068883
67696726
65114211
9532853
91495288
97336503
5321533
5115284
42751914
49530185
40491487
15456432
40437060
97642152
35326255
31177055
76217901
73388202
97693533
50606349
50706028
98214249
78513115
20933385
30590001
31142052
46195166
98447317
58510792
24068936
83424887
14549691
21764875
59996748
44830959
68573830
89752180
30264783
6680638
99503210
49470770
97958599
11049145
25737553
18692277
71863798
59065677
70429647
37847362
58105064
7752631
5763468
45197753
99539596
97136253
73952772
2785130
46308292
77805752
10155393
9384837
52072663
73912006
81725048
69541469
22991827
78396091
94882584
10786657
65461044
63536406
67989986
69198675
95729079
97631
50993500
63044664
65356861
14714377
90254074
68569676
26965069
72173296
64031234
20956331
21090111
76997601
32609360
41195794
16393139
855179
92461247
17058482
89936129
40538107
32715843
89788596
52833988
95741150
59008535
55318767
12855702
72484645
63612231
68726887
4102779
79362465
7949502
84469104
2413408
19704953
91020865
79629209
50336339
86096945
44453609
65435000
13348456
15153543
95680728
22312342
15311095
80459304
26605388
76059994
58897548
35185180
83315631
28075353
34657798
15273702
17781920
40572550
18795358
75297893
37922297
5693212
79884988
15660591
50180043
419632
14272835
74630331
38082980
67686389
26249500
35757924
52042537
1529779
7373372
8431286
13407958
85596061
83175454
96521137
69040961
41579665
79093747
13189320
32493063
92664435
35550438
2689713
98467303
94671024
43392479
33404427
10307945
16845673
34034161
98473794
9482255
43096442
71985422
48891694
76221782
76889647
69422856
90591193
90548818
12744534
97444557
12748916
79732136
35991527
96766345
83110625
13590603
34269287
72674813
38227659
91454984
99210993
34403400
5595285
3344609
440566
14979351
60171674
87284578
15715834
4107566
14455910
60546005
78066106
24697532
31518698
53231470
28227544
66899640
56037686
33045597
350420
28820205
69185353
86061680
85163482
57588534
18957544
27956909
29945091
52718890
84538886
30996090
64556432
60617815
91307681
71803882
1864905
82421497
43763076
74819383
60995425
12296748
2797376
96352215
25343984
53109419
92311676
54912685
92120231
17781365
77163354
28984460
15553128
6019490
66800904
47863991
96834586
17301752
49261683
49507563
24104476
33833385
88061215
75898370
61775504
48262330
40865955
80030536
92663251
76710971
95687722
20799718
965853
1217941
81924492
51262823
84339248
508698
84977234
45238018
28189817
62834819
66238715
82554155
23857823
32891082
82149272
32467637
87283236
86297060
51046270
63735119
71970041
7908561
20788387
68619745
73234349
8182878
4255250
74226022
46426924
1276684
98014524
12728087
73309536
37424710
26007259
2538639
88874087
82994614
21350370
55112685
72507658
87625803
27302911
59358845
11383956
49024262
1005731
74294978
62877402
24609941
61242356
91405366
80488962
75068617
39280135
29394341
46795948
16401247
57550247
11969490
55672822
69344038
23285748
85809991
55835138
64929349
1555550
78133233
30431332
27403195
40602067
70233503
22011168
79576296
67461219
17045696
48389944
42438465
23517133
52692091
34718791
51154605
53005636
5237157
42818277
1808332
67433742
49325911
49862176
27363229
11405637
70579272
55920070
18747288
32601740
89450773
31892465
73095378
18525803
6603960
79595249
8590446
7222211
7527495
1824345
11205095
11270616
67547916
16355370
81340413
88680921
28902360
49474550
4455808
24330860
4975401
19143238
11876021
41398839
90248023
21895589
23363248
690111
79696226
67480369
93303913
5240214
82396986
88798264
50278895
94037061
81472278
28482247
86289803
67275422
27574173
68067869
78204507
39358955
83826584
24634204
9915158
86859396
99029888
64888350
71518108
97899641
89997852
66890613
12858059
74763100
10950110
75842742
48368726
49287247
22006992
63302767
26002774
23706446
46956909
507676
18465931
1817927
10609206
58037552
70172923
16232234
59681030
16954973
30443446
1505159
6904623
21263300
57481716
76896026
66893517
98773643
72174369
93726213
92401905
2741277
56946875
97792994
58416192
39775975
41848790
59576055
4052706
33189581
55931856
83603143
1139303
50340669
31154648
24899564
13097465
94344209
38699315
52126511
86899147
76586141
70232189
40609158
14637331
35422398
17416652
57186201
5213986
57949542
90500232
5369449
68194396
96327941
46895886
91435543
91078618
61167718
83828958
78531127
43211875
64726403
39414679
18355921
14500303
95657462
94027095
13563038
13642707
23832390
23633902
19283436
23302017
37959908
39299309
27955008
47324413
78031924
82998285
32818076
57177992
68482616
33048724
12647386
88536520
85179584
62158202
14717246
61494868
7570452
34632855
17019646
52474258
84928068
38219052
93383847
28080244
48065137
7356189
11685639
20907727
54046810
29726335
57891312
64859170
37560700
92261907
62500738
13271495
95623850
89521198
49488893
96499061
1266661
70461726
25002861
37420374
26845270
66340488
95952431
18715039
95721947
36232799
21626442
6496244
40851152
67611312
41060850
95223284
58156518
51785886
52732246
70227423
19801498
61984257
64337410
6086354
5490268
54086279
94651781
206143
22276257
594896
77814051
53020192
21789818
27146420
65958752
67851564
17867765
37455813
25661297
8187485
7746253
88495350
86193728
81626015
77475692
38602573
92242339
7248096
7727056
78374679
19223452
33741411
1916071
25599208
13147508
52128617
7505048
17750842
52959334
3509782
73101002
26355489
55261738
5876391
56264140
11111501
2494602
76774924
74737263
480116
2960593
64028384
84076079
58044143
21684207
37732236
32785830
8326770
39054503
27027865
41593647
61264502
4480011
63483780
56173689
97669058
29103375
2838437
33826897
12837576
87082469
42601608
12232657
6815668
73054773
47053778
87248279
4384589
8060256
79187336
6124060
68521700
73340859
79013292
35246494
41839199
20400437
18040875
18924996
11581019
6238918
71325851
22560298
90317435
71493093
50560283
95334273
59413566
8394062
52262717
22842347
88064243
79272520
42649667
39734943
75953553
86259757
9943672
85674802
27978925
74116759
31506622
82094786
81963852
38310831
86615829
57052477
51568455
38018929
50077704
13942416
61512593
18692920
31827950
43717173
92990457
83062308
19646464
61522180
26517744
94559896
92835376
72964268
2071211
9336514
24753293
14013639
41133990
87385070
89481361
305745
66482272
46592732
58038085
56536163
48307631
93787145
47655824
26767157
47177645
18528604
44232528
32228814
8473020
54538146
61464070
86707939
24761807
13843152
84728951
30779034
2645276
7182441
4665575
94622941
83750607
95101818
46953231
92066523
10568128
27179649
85605800
58662423
57493265
15394966
87287019
44329012
64056642
69088536
72118739
19467683
51191433
36413231
61499724
84516819
55294457
47150701
62083455
3238271
69930790
75750286
46619582
90759262
63428134
12370179
61451773
53159347
63019489
45407461
71096887
23105241
62075121
89157296
16937231
15258567
76643021
20337444
91493289
86257772
3455189
55725212
13261547
53749037
12202217
82938375
41910051
93892628
66813625
2827860
15204027
6740955
25156992
27628554
65477876
69547967
41769378
92473494
93504876
78212081
78188381
50876529
98744992
26832259
76924038
8030393
1982535
27264094
21206263
79478226
1836499
59756530
21799092
82295273
10081159
91172049
70386853
20103206
19674098
81489909
20682089
96201619
56967557
37145796
93417510
21493782
25772730
90661605
6760918
10810731
84691104
88734787
28568644
54865046
63264379
67801454
7164179
16261346
3720929
62826483
41795698
58944757
82986161
30765857
57237568
83094712
18127018
60859844
5680089
11249226
44137983
33617934
97820984
55749176
64740882
83716059
6283780
23644638
89027938
76050384
84596612
70391206
55774367
98082441
4589187
49741297
79863661
69741374
9335400
79842186
68760828
80445655
14757912
58464191
98355454
17897575
61216223
73999785
27919120
76086020
66624937
42381307
634265
69181440
62262669
26096145
61748297
50526476
10822830
8862605
46874062
44656433
39745830
7076689
42416132
20407435
89902390
19984980
25219951
76660383
50666600
43639033
8002797
87226773
22737162
98938616
95756289
72432215
98449587
16368820
63158646
51139969
86219952
9353545
89874900
56548711
98033013
29135397
4321524
7767041
76761956
35270687
54687658
3500011
30929927
21675681
18961198
80969336
63769508
88162003
1909285
71151821
80460650
25105660
28631449
22224379
36005040
46737817
98366508
43016164
73835016
38214255
6125948
24077593
87002644
84192211
64002260
97990416
84639619
2938250
66866010
32375081
32011113
88556169
18250729
40732727
56310225
40835354
65772964
45890438
41367835
50757923
24748990
2193737
54073991
41266229
30508395
10805471
61141663
81526977
12554848
31496676
89747110
90398955
79128262
47450599
1207729
65472697
27140717
51365271
76213931
71409830
8645529
34478330
43908073
19353720
77637415
6661630
47136337
73234892
38706790
22313453
65700580
99955111
72234740
44896065
76892637
89009070
73361279
61811034
35870697
6486792
3236274
62267010
53934440
92922013
18965508
96715200
42605015
53007365
98112326
60047938
73051057
16890259
33057516
61027922
3313637
68153364
47852197
70918604
35561083
15376214
53494349
97647832
51134959
77648634
55009802
56761836
51886846
90713929
25863800
30088575
52336423
48112046
74343408
65092695
44918996
80214251
53791917
84737167
48513781
39997255
38595249
41204801
35229081
92922994
62778691
65065726
57499548
80556794
98007549
59903243
25853728
93598949
91671605
26378639
25147214
75014760
79421928
32158450
19397484
46824211
70124281
61485147
96387067
78782211
35401977
11563203
59746405
61667949
20847286
80519685
7499944
31796213
86774177
60805663
85505323
7188037
33728017
61794798
29236961
42900657
17646029
99325080
77169610
30750486
42123123
11974881
17415465
19488284
82521483
32087934
6679742
82277096
40939986
34891364
79586771
154767
20963612
99798063
41246898
79477302
1819054
94520043
4997472
36075029
47736712
24681669
2395948
52989457
85149662
27322843
24720263
21232693
15028084
72283767
79159023
90074791
88204281
41528033
24440039
83910422
39832550
75216021
49770144
79708221
16106307
17722504
30020913
65881750
27912226
51357132
94640689
89855594
55524464
69230694
26362408
65610365
91559530
33908438
21345392
32728746
17214531
40038140
13450386
68647461
41781500
95580580
11691666
6571288
25872421
83008130
96605707
19797734
50297000
84818560
4069819
44443745
48479916
69972873
24342910
7724614
67716778
10353698
48736851
5569388
82894464
66529880
65488001
5411183
5504354
29711409
70765634
1426642
7851891
58616230
82271320
80608897
55382837
67448830
77870316
30572896
56618847
58991120
28729804
55414059
95756414
77598202
87183390
49016266
5468686
41769406
55097407
53512622
38551767
17702898
73777858
75233893
47377326
21287573
33861017
51070974
52922003
49019840
85784067
74497556
21943884
42052598
28036114
87729140
77759994
13095034
84450009
72078921
47082885
25823693
41688174
73238451
86085410
25174084
55257368
68515067
6289230
98856444
28112984
15937667
9784026
48028851
36091841
15126825
69050048
92954877
21831128
36712586
34457039
89997015
51478399
16330393
85200828
41280603
36881206
57591516
11039108
76997669
34181894
28487579
10570188
40642805
71824762
46492299
18876348
62405303
21947604
13611310
99767904
86024915
81886504
22249681
88811032
24776503
34929166
94227793
10259390
27389621
40670823
13951908
12752166
37963735
1808292
66769867
59228771
27217027
85923450
73849063
99821930
68342357
49336491
26622267
10442176
68612782
28072436
46896854
27542398
36146452
73492522
3528580
81995634
48097918
89964926
86978934
36227703
97239201
78244819
56371874
67599629
49629265
67217378
68883321
70000716
73011086
62437111
12593231
58387198
4333166
68086438
80147126
64584429
56223649
37948891
75596785
19725582
3137046
67103473
20736829
40018742
22141327
92127232
59178158
41235360
53442264
14454834
50543309
89023175
37870645
99146165
51952446
53937173
19147841
99368299
29995169
17015914
83896408
14060227
48184151
80310493
93710053
57874719
23873796
3609222
15320141
58491747
23950534
699518
24873957
54021224
61882919
1082597
97255324
5442864
55567590
1727192
17868111
33118435
33739868
43386888
87333151
18980526
77098135
12468629
39224519
39597331
44438547
4688622
83492738
98980045
36418599
73337011
28807559
84517016
61565015
48644175
41448629
12719473
77858666
65734792
18684930
9776911
83644019
10946070
50960831
28786411
90600337
28413991
75147380
98183873
49503069
72600954
28661343
2424396
49620536
6282877
39324462
57251456
35960819
54811065
42648092
60052016
23804280
2902777
32691150
82340859
2492651
5584344
84524868
47366239
56083887
86313162
36200605
83654868
16185912
69242083
39320687
89075508
92681111
17773875
34615635
30909895
90845356
41065847
50112641
54765694
38060672
60927381
24487
7204852
62816843
47828974
4480932
77910019
78404897
49658051
68108568
32275773
35322031
27258523
80258215
32732489
14633360
86278221
8307160
75081561
90028864
96561761
86083069
10408091
8720920
94723723
63816309
90762726
26530486
34747954
91353897
53821635
63938678
85385860
12431872
36513031
49113580
19255201
45600640
36364663
70758931
36699551
23328478
27975837
92309000
7189386
61580340
49623416
47934243
24149269
43025934
14706258
19916050
25139284
55293638
33414896
30365905
54182416
82222198
34814024
11812143
29047533
54974984
96583563
47357341
21104448
54308546
99646804
87287776
30160764
96438788
58359888
35739902
81194853
80770999
36405423
77308318
48708868
88788244
62586536
93130577
1098136
41313850
99561276
93642952
29258108
59893612
26671693
29023365
95097406
33966930
8773275
38700081
42272025
85886603
94792141
57364250
9295551
34848655
88125821
902361
22003228
40310706
51919395
74764089
91464648
99313825
25701248
42261526
99149311
81011699
22762085
89544463
18975556
57984913
12073671
67722478
41921315
82864270
81188894
26078860
43556277
79749677
22555388
55330012
24843225
14103927
59720943
67250704
32752012
39363922
70334614
58222156
28413541
39782387
59506227
57663712
90772018
64422127
3445294
30217414
20316579
91523356
75326091
3506210
18875472
26371307
14120649
45743096
6529701
82416728
36167315
48174468
17688664
67320019
52099207
49724695
12989634
43075902
11794087
55348557
10084045
30421223
41403713
35085989
77003261
66802740
24703524
28045235
92713828
41199602
79195120
24051461
83768608
95437765
35655884
79013513
6446968
46653000
44017714
50704569
64192239
39256901
68365709
21152888
3719491
24537690
9089605
85559126
26631651
59147772
6879795
21452621
67230562
63410365
75915376
48061269
3774413
31872342
87727267
43461252
91594214
31973581
16931989
80420376
95556391
77851902
18590762
22326445
88309927
52334482
49220089
32162224
36429150
64533028
86050802
36688425
47652451
43626344
89364206
83815144
50682736
34371805
64302690
79459341
28471099
75573637
14144509
96683897
50243966
40938057
93115903
26915493
6208255
76020825
72839546
71383354
34259822
47281679
88080734
31086375
12180055
10964587
80998064
65607940
38846130
18622361
76069925
25867685
12030740
64768464
86308347
60414945
9410642
94310861
75731795
60288027
85879477
68951150
46907851
43146058
57638242
39200267
79523618
78195986
8595176
93116973
96990729
60677740
95616090
49143894
12046438
61063281
93188648
63905344
8870322
37938506
12485583
25057819
83109162
77087105
35245726
78338992
78871334
28908930
43729869
8825990
39055912
47930186
22007141
16608368
8260242
15276560
41323584
32715606
76606646
262842
79246734
51653252
82384160
30183488
10903908
26847030
28698114
83086882
5402307
95525872
56050053
24184574
48616537
74095687
83712812
81012973
27084487
32435656
91827293
78497586
91047233
2161907
49821413
62247847
56207980
43144811
92370323
19428692
96772905
68586257
34047794
6263164
82861424
12802687
19911834
75750535
95717398
64586758
95605467
26514655
51854068
74384067
87876297
38169603
29065300
1172791
99264983
16111129
30395595
46062394
83671175
81536627
9768337
82377740
76535820
92383874
42085018
41307600
45762080
57685488
69595719
54341375
55870700
89447453
85072063
42489226
71877779
23304197
58206555
46325954
43282737
95988446
43699384
9655411
4418392
95024151
15270166
43648079
91599372
24565317
44908159
90577145
15948475
53633143
50608153
18764827
34372622
50695557
79400418
75113502
29650155
64157207
32622946
30074181
29253125
31631813
96758836
47652464
65162221
65230164
73064093
97274238
28425773
25116605
24662107
63517265
94788457
96284
92738101
41702892
85876579
73222282
97867151
5404520
69313418
79172101
75120917
49105782
5907656
43802471
32220144
11384663
58020959
86469315
20052085
67829453
13546831
1238933
93657852
19133003
94326792
71151951
40994783
90247397
61571652
34821525
4409005
48619241
14392873
55774763
99059484
92055061
79886788
18816328
9884500
94810951
46302451
7129765
60208021
44752730
66329413
17728980
41226559
88550972
49387792
60981529
19616895
74726352
55609407
27682911
68180423
20109771
18682397
4782741
95043612
14883107
87040506
95412456
64124087
97004539
50070222
98705267
59806054
53499228
81924355
16750036
65123575
53997279
27362503
75149096
89526261
2184176
8630008
25918073
15571245
59247874
56768779
8109388
74232812
38469006
9072639
96606536
42011397
38880311
12989417
99628299
51654102
94906841
80598766
34468604
24362916
38174755
78668352
13238175
40140758
35749918
82178453
41063468
92455723
74900726
3965298
79745936
33754245
20729870
13411576
6579118
51152454
24120263
75257234
2231710
21590023
14351884
94298326
67842991
95290749
19861347
68262508
43366479
78517140
44328454
681175
69414622
29290310
64869506
19560679
58873150
18384505
14022485
21984842
22191406
45080316
12934203
15063906
61464033
42374711
98045868
43546473
54574058
95245055
92069554
9662198
97584321
6045033
95839799
12611447
86732071
77297975
61486428
31170731
82189737
7119307
64976261
47891176
35106719
20793297
45040749
97292361
80666414
57255299
32694895
58343120
93251848
57292315
5330354
4894959
14470589
56442718
15153144
93667296
25940845
51302875
13747937
20473746
12722698
95854043
24464944
94859984
19938347
10277358
22695656
85701198
78352324
56712716
84864099
66530842
74615434
10865987
82938237
43292690
31362857
84648358
71260520
23296666
94269916
66123516
3881813
29728398
67896853
36656914
6451782
36748657
50307978
58739342
27759971
53401575
18298950
77042143
37416933
85913618
72691562
61741074
83783262
92392579
20056646
65282622
47273938
95316009
67321584
93846114
95544817
48510390
7405202
21261151
38575741
18755984
23500290
2027139
95344896
57398146
99272148
13046913
44614482
36107602
25846861
35133434
96492047
9332862
20749343
93082519
36628010
79697942
86980988
3227836
20728292
68377007
21878121
2806422
38532260
11682889
79865120
98398827
74231281
80915569
66379252
23317281
76210822
63380104
24175983
57507064
43191531
82260864
34306123
96310989
26161228
39413523
43412549
20315178
28285831
55728439
47897035
30222718
11487020
55026432
50284426
29659150
26676864
56871138
53030442
77972979
68351364
30674517
39674334
61023034
799313
1480357
87178860
18102751
17516963
93029342
87314511
4396760
66248690
34968468
4388232
8882870
12615196
65849957
30957604
99529253
16869426
72491472
73008212
77285837
68276371
84404537
21921847
43063924
59550292
60428832
29420386
52727718
8933542
50750458
93673625
57243457
94737055
21309165
85721793
79716898
20633922
97197246
91230154
44474401
35823528
30434003
73776053
68166129
405814
19503426
91560947
29136666
95946720
30262223
83777102
25964484
89356562
59264251
36292122
8499434
23244120
42487552
12579593
93980177
18439111
82116358
5482152
6322403
83856056
42778097
4031215
93236600
70720917
69547937
68718815
13497587
12775190
55152398
10978490
52645657
78390291
14357982
34319741
98846641
93452348
50667972
8991648
18607069
33010277
93699587
40225092
4144833
52512368
19584548
62192136
79337441
28268411
47394747
11473193
21309966
32212151
41341415
49143607
57640198
81905834
95001093
35142285
99633601
48138307
16929045
84414438
96395947
29447834
78937250
32630337
42253524
98341112
96903168
40115972
22480627
46867103
44115003
82159148
82096092
88372639
6477535
72627922
56376057
95813944
49725895
52886733
23551217
69346867
78202166
79130946
14368910
21502582
29355908
45760720
27001046
29090944
71857962
37029881
6366700
27151905
11398807
5798247
21910362
1448778
70856747
36595721
43754525
49483459
65785691
75568668
8819055
96942614
84293190
98426550
98142926
2017886
13626129
97949633
25986580
67026526
90316366
99370908
3649477
58897959
50021338
10977990
51293104
34885832
16994063
42952078
83733444
66556937
69965158
32106970
81171998
37947886
28376228
78051859
97791375
72499439
14190253
40473960
25175413
90795929
10398894
70327494
77795707
33373397
19550717
24874610
22405995
18388091
41393907
14365241
84426133
83698163
87428306
67794463
78185383
2784461
3404818
37087098
5148655
46157265
20516183
35535488
24783727
91335217
43878006
75535603
592490
1515051
20306277
93010597
27989844
46138473
27075686
98611187
1964561
7836092
39339548
42246809
44286215
22834667
81914214
98140062
66602139
93983635
93194438
45350229
99171273
17966481
99614679
25674220
42092681
19049196
59478966
16078186
44101398
96307519
77244338
45339395
35391637
94134450
14975481
19067851
55421096
87463866
37168583
54351691
66577731
98384631
32132433
51504760
33419343
72827120
92096535
53439496
99571384
13373438
53294796
37672374
21708390
65227303
94352297
34841173
78144771
69453024
31552682
72093193
58892069
28698684
65414222
39553584
61280377
27750799
85092941
519910
8675974
85286165
79313134
18278698
77136434
71312183
28656649
50132472
21037640
29728811
3143631
33482788
62906589
58537887
94631966
68051306
35695605
23774834
9502426
20912928
51884474
69404497
6123284
19613328
45787511
88219081
7111464
65022746
55088128
45491976
33835691
82395791
94670755
14776673
25375682
49750427
65701386
8912508
23406982
5410588
1248534
86124058
27791010
69704219
1362272
38821958
45610558
39636469
38417637
46438908
42476973
55979564
17920252
20277761
66396741
71180877
70925822
54778385
17286039
62089828
33690661
43768985
48913267
81144417
14373671
87548510
35147189
89560970
14820906
98580905
22122206
87316720
98883292
36875594
2883303
14684577
2488262
81819019
20869205
76315968
17988132
32818641
63717158
46291287
82134590
30439507
8109811
18894525
58358557
7666100
6382674
33635608
42663831
11199626
57930555
47701924
62865959
45106209
49753167
24611925
91930739
12520683
90554923
2989286
75214578
61944553
99412542
26108833
45654395
60724347
94070562
61333402
47477264
25944791
81724574
39842013
22659521
63718924
59384123
77432210
4160358
84173307
82652208
92198804
42595001
96154399
76577814
50620875
24342001
86270966
58450507
87496127
19488309
96518134
95914203
23580376
65518709
25165515
65165126
17629
20475640
5299471
41841754
6588916
85597324
64550627
63682428
87558188
27095738
9471983
81953256
32406056
46009292
62413148
34610873
19250631
15341918
19117625
41634693
14207039
82174110
92628791
91678934
83515562
69609286
1611333
40403576
67102685
79079375
9892764
24861747
6770273
95518442
98915787
81738529
67399153
88811492
59381798
56067986
65676288
79573049
70678899
80336106
71072521
53008623
6763626
40412526
21350983
13764119
94969042
90475625
74675416
92492743
33669550
53084654
76438750
30143450
41170185
13485069
17926623
39528342
65158652
27470453
26541700
36267075
13789095
73433162
20348209
80667524
3990982
89295140
27489364
11589506
59459862
68690191
23035731
30464204
81814163
76251297
72245476
28158172
19187458
11601811
11902706
47241215
8768999
8874878
